DATE,0
1990-01-02,
1990-01-03,
1990-01-04,
1990-01-05,
1990-01-08,
1990-01-09,
1990-01-10,
1990-01-11,
1990-01-12,
1990-01-15,
1990-01-16,
1990-01-17,
1990-01-18,
1990-01-19,
1990-01-22,
1990-01-23,
1990-01-24,
1990-01-25,
1990-01-26,
1990-01-29,
1990-01-30,
1990-01-31,
1990-02-01,
1990-02-02,
1990-02-05,
1990-02-06,
1990-02-07,
1990-02-08,
1990-02-09,
1990-02-12,
1990-02-13,
1990-02-14,
1990-02-15,
1990-02-16,
1990-02-20,
1990-02-21,
1990-02-22,
1990-02-23,
1990-02-26,
1990-02-27,
1990-02-28,
1990-03-01,
1990-03-02,
1990-03-05,
1990-03-06,
1990-03-07,
1990-03-08,
1990-03-09,
1990-03-12,
1990-03-13,
1990-03-14,
1990-03-15,
1990-03-16,
1990-03-19,
1990-03-20,
1990-03-21,
1990-03-22,
1990-03-23,
1990-03-26,
1990-03-27,
1990-03-28,
1990-03-29,
1990-03-30,
1990-04-02,
1990-04-03,
1990-04-04,
1990-04-05,
1990-04-06,
1990-04-09,
1990-04-10,
1990-04-11,
1990-04-12,
1990-04-16,
1990-04-17,
1990-04-18,
1990-04-19,
1990-04-20,
1990-04-23,
1990-04-24,
1990-04-25,
1990-04-26,
1990-04-27,
1990-04-30,
1990-05-01,
1990-05-02,
1990-05-03,
1990-05-04,
1990-05-07,
1990-05-08,
1990-05-09,
1990-05-10,
1990-05-11,
1990-05-14,
1990-05-15,
1990-05-16,
1990-05-17,
1990-05-18,
1990-05-21,
1990-05-22,
1990-05-23,
1990-05-24,
1990-05-25,
1990-05-29,
1990-05-30,
1990-05-31,
1990-06-01,
1990-06-04,
1990-06-05,
1990-06-06,
1990-06-07,
1990-06-08,
1990-06-11,
1990-06-12,
1990-06-13,
1990-06-14,
1990-06-15,
1990-06-18,
1990-06-19,
1990-06-20,
1990-06-21,
1990-06-22,
1990-06-25,
1990-06-26,
1990-06-27,
1990-06-28,
1990-06-29,
1990-07-02,
1990-07-03,
1990-07-05,
1990-07-06,
1990-07-09,
1990-07-10,
1990-07-11,
1990-07-12,
1990-07-13,
1990-07-16,
1990-07-17,
1990-07-18,
1990-07-19,
1990-07-20,
1990-07-23,
1990-07-24,
1990-07-25,
1990-07-26,
1990-07-27,
1990-07-30,
1990-07-31,
1990-08-01,
1990-08-02,
1990-08-03,
1990-08-06,
1990-08-07,
1990-08-08,
1990-08-09,
1990-08-10,
1990-08-14,
1990-08-15,
1990-08-16,
1990-08-17,
1990-08-20,
1990-08-21,
1990-08-22,
1990-08-23,
1990-08-24,
1990-08-27,
1990-08-28,
1990-08-29,
1990-08-30,
1990-08-31,
1990-09-04,
1990-09-05,
1990-09-06,
1990-09-07,
1990-09-10,
1990-09-11,
1990-09-12,
1990-09-13,
1990-09-14,
1990-09-17,
1990-09-18,
1990-09-19,
1990-09-20,
1990-09-21,
1990-09-24,
1990-09-25,
1990-09-26,
1990-09-27,
1990-09-28,
1990-10-01,
1990-10-02,
1990-10-03,
1990-10-04,
1990-10-05,
1990-10-08,
1990-10-09,
1990-10-10,
1990-10-11,
1990-10-12,
1990-10-15,
1990-10-16,
1990-10-17,
1990-10-18,
1990-10-19,
1990-10-22,
1990-10-23,
1990-10-24,
1990-10-25,
1990-10-26,
1990-10-29,
1990-10-30,
1990-10-31,
1990-11-01,
1990-11-02,
1990-11-05,
1990-11-06,
1990-11-07,
1990-11-08,
1990-11-09,
1990-11-12,
1990-11-13,
1990-11-14,
1990-11-15,
1990-11-16,
1990-11-19,
1990-11-20,
1990-11-21,
1990-11-23,
1990-11-26,
1990-11-27,
1990-11-28,
1990-11-29,
1990-11-30,
1990-12-03,
1990-12-04,
1990-12-05,
1990-12-06,
1990-12-07,
1990-12-10,
1990-12-11,
1990-12-12,
1990-12-13,
1990-12-14,
1990-12-17,
1990-12-18,
1990-12-19,
1990-12-20,
1990-12-21,
1990-12-26,
1990-12-27,
1990-12-28,
1990-12-31,
1991-01-02,
1991-01-03,
1991-01-04,
1991-01-07,
1991-01-08,
1991-01-09,
1991-01-10,
1991-01-11,
1991-01-14,
1991-01-15,
1991-01-16,
1991-01-17,
1991-01-18,
1991-01-21,
1991-01-22,
1991-01-23,
1991-01-24,
1991-01-25,
1991-01-28,
1991-01-29,
1991-01-30,
1991-01-31,
1991-02-01,
1991-02-04,
1991-02-05,
1991-02-06,
1991-02-07,
1991-02-08,
1991-02-11,
1991-02-12,
1991-02-13,
1991-02-14,
1991-02-15,
1991-02-19,
1991-02-20,
1991-02-21,
1991-02-22,
1991-02-25,
1991-02-26,
1991-02-27,
1991-02-28,
1991-03-01,
1991-03-04,
1991-03-05,
1991-03-06,
1991-03-07,
1991-03-08,
1991-03-11,
1991-03-12,
1991-03-13,
1991-03-14,
1991-03-15,
1991-03-18,
1991-03-19,
1991-03-20,
1991-03-21,
1991-03-22,
1991-03-25,
1991-03-26,
1991-03-27,
1991-03-28,
1991-04-01,
1991-04-02,
1991-04-03,
1991-04-04,
1991-04-05,
1991-04-08,
1991-04-09,
1991-04-10,
1991-04-11,
1991-04-12,
1991-04-15,
1991-04-16,
1991-04-17,
1991-04-18,
1991-04-19,
1991-04-22,
1991-04-23,
1991-04-24,
1991-04-25,
1991-04-26,
1991-04-29,
1991-04-30,
1991-05-01,
1991-05-02,
1991-05-03,
1991-05-06,
1991-05-07,
1991-05-08,
1991-05-09,
1991-05-10,
1991-05-13,
1991-05-14,
1991-05-15,
1991-05-16,
1991-05-17,
1991-05-20,
1991-05-21,
1991-05-22,
1991-05-23,
1991-05-24,
1991-05-28,
1991-05-29,
1991-05-30,
1991-05-31,
1991-06-03,
1991-06-04,
1991-06-05,
1991-06-06,
1991-06-07,
1991-06-10,
1991-06-11,
1991-06-12,
1991-06-13,
1991-06-14,
1991-06-17,
1991-06-18,
1991-06-19,
1991-06-20,
1991-06-21,
1991-06-24,
1991-06-25,
1991-06-26,
1991-06-27,
1991-06-28,
1991-07-01,
1991-07-02,
1991-07-03,
1991-07-05,
1991-07-08,
1991-07-09,
1991-07-10,
1991-07-11,
1991-07-12,
1991-07-15,
1991-07-16,
1991-07-17,
1991-07-18,
1991-07-19,
1991-07-22,
1991-07-23,
1991-07-24,
1991-07-25,
1991-07-26,
1991-07-29,
1991-07-30,
1991-07-31,
1991-08-01,
1991-08-02,
1991-08-05,
1991-08-06,
1991-08-07,
1991-08-08,
1991-08-09,
1991-08-12,
1991-08-13,
1991-08-14,
1991-08-15,
1991-08-16,
1991-08-19,
1991-08-20,
1991-08-21,
1991-08-22,
1991-08-23,
1991-08-26,
1991-08-27,
1991-08-28,
1991-08-29,
1991-08-30,
1991-09-03,
1991-09-04,
1991-09-05,
1991-09-06,
1991-09-09,
1991-09-10,
1991-09-11,
1991-09-12,
1991-09-13,
1991-09-16,
1991-09-17,
1991-09-18,
1991-09-19,
1991-09-20,
1991-09-23,
1991-09-24,
1991-09-25,
1991-09-26,
1991-09-27,
1991-09-30,
1991-10-01,
1991-10-02,
1991-10-03,
1991-10-04,
1991-10-07,
1991-10-08,
1991-10-09,
1991-10-10,
1991-10-11,
1991-10-14,
1991-10-15,
1991-10-16,
1991-10-17,
1991-10-18,
1991-10-21,
1991-10-22,
1991-10-23,
1991-10-24,
1991-10-25,
1991-10-28,
1991-10-29,
1991-10-30,
1991-10-31,
1991-11-01,
1991-11-04,
1991-11-05,
1991-11-06,
1991-11-07,
1991-11-08,
1991-11-11,
1991-11-12,
1991-11-13,
1991-11-14,
1991-11-15,
1991-11-18,
1991-11-19,
1991-11-20,
1991-11-21,
1991-11-22,
1991-11-25,
1991-11-26,
1991-11-27,
1991-11-29,
1991-12-02,
1991-12-03,
1991-12-04,
1991-12-05,
1991-12-06,
1991-12-09,
1991-12-10,
1991-12-11,
1991-12-12,
1991-12-13,
1991-12-16,
1991-12-17,
1991-12-18,
1991-12-19,
1991-12-20,
1991-12-23,
1991-12-24,
1991-12-26,
1991-12-27,
1991-12-30,
1991-12-31,
1992-01-02,8.996705190968324
1992-01-03,8.99842499657678
1992-01-06,8.96870058553252
1992-01-07,8.976220246223587
1992-01-08,8.979204595246673
1992-01-09,8.999395918864542
1992-01-10,9.021008294942204
1992-01-13,9.017260099424366
1992-01-14,9.006495933027756
1992-01-15,9.010315499700663
1992-01-16,9.02606948442506
1992-01-17,9.04781015023429
1992-01-20,9.033402642054423
1992-01-21,9.03239393022834
1992-01-22,9.045608853804817
1992-01-23,9.039257667052636
1992-01-24,9.040895259157484
1992-01-27,9.049517448707409
1992-01-28,9.071811757501438
1992-01-29,9.074732558242392
1992-01-30,9.068588175043853
1992-01-31,9.069374975077892
1992-02-03,9.068217364809845
1992-02-04,9.072460314253002
1992-02-05,9.069188247568588
1992-02-06,9.062135879014207
1992-02-07,9.063773773110807
1992-02-10,9.060578055747746
1992-02-11,9.05891638210621
1992-02-12,9.054698938185258
1992-02-13,9.063454863173055
1992-02-14,9.060511153046294
1992-02-18,9.058292177569554
1992-02-19,9.063258800519844
1992-02-20,9.055671190436124
1992-02-21,9.059810680702936
1992-02-24,9.04986605380146
1992-02-25,9.040459208477547
1992-02-26,9.030745716915233
1992-02-27,9.023654783251672
1992-02-28,9.024788863197452
1992-03-02,9.022908113064727
1992-03-03,9.040563494223639
1992-03-04,9.036515140898056
1992-03-05,9.034814932768946
1992-03-06,9.039270480209142
1992-03-09,9.047106937918011
1992-03-10,9.048612064803388
1992-03-11,9.055897694211279
1992-03-12,9.056139613062937
1992-03-13,9.041922630279345
1992-03-16,9.047312608356952
1992-03-17,9.045503041763162
1992-03-18,9.049326464391243
1992-03-19,9.032178389786091
1992-03-20,9.037658138995486
1992-03-23,9.042258808342808
1992-03-24,9.043327546843383
1992-03-25,9.039058644302534
1992-03-26,9.049675008721215
1992-03-27,9.045346568713237
1992-03-30,9.050552585176016
1992-03-31,9.05096719934915
1992-04-01,9.05514353416432
1992-04-02,9.049006922707244
1992-04-03,9.048016827385863
1992-04-06,9.048651124955136
1992-04-07,9.045033473773183
1992-04-08,9.040315763810534
1992-04-09,9.03744352629121
1992-04-10,9.035624400069105
1992-04-13,9.039481512980363
1992-04-14,9.037472562523975
1992-04-15,9.035106912981123
1992-04-16,9.020369265754121
1992-04-20,9.017136758468688
1992-04-21,9.009657347692857
1992-04-22,9.016847489310601
1992-04-23,9.015195372891188
1992-04-24,9.016401201644088
1992-04-27,9.013746055837487
1992-04-28,9.006971137246321
1992-04-29,9.007144785540092
1992-04-30,9.007775110681006
1992-05-01,9.015472950212542
1992-05-04,9.016936233741404
1992-05-05,9.018729871647832
1992-05-06,9.0230806504675
1992-05-07,9.018408457554738
1992-05-08,9.013157887568925
1992-05-11,9.01579400817743
1992-05-12,9.013128826948734
1992-05-13,9.013314415817673
1992-05-14,9.00891169814441
1992-05-15,9.013653551672713
1992-05-18,9.016531180636683
1992-05-19,9.019653727198687
1992-05-20,9.021348812633896
1992-05-21,9.018183520132224
1992-05-22,9.013303757212878
1992-05-26,9.035443510561961
1992-05-27,9.039307017496128
1992-05-28,9.030416532949737
1992-05-29,9.01164312135575
1992-06-01,9.00168515822313
1992-06-02,8.996553197240202
1992-06-03,9.002902338742116
1992-06-04,8.990016946310499
1992-06-05,9.003148085197518
1992-06-08,8.998384731907418
1992-06-09,9.002147180522329
1992-06-10,9.004347742858362
1992-06-11,9.007335974228486
1992-06-12,9.011693528839192
1992-06-15,9.007515328807248
1992-06-16,9.013683811954047
1992-06-17,9.007398947124244
1992-06-18,8.997380627268505
1992-06-19,9.001346920063595
1992-06-22,8.997820990221895
1992-06-23,9.007818429766816
1992-06-24,9.003894550575923
1992-06-25,8.999059716804044
1992-06-26,9.001395458912178
1992-06-29,8.999965324561533
1992-06-30,9.014857506344477
1992-07-01,9.012723963204433
1992-07-02,9.021869320873645
1992-07-06,9.030923056258828
1992-07-07,9.028341079216581
1992-07-08,9.037182129910933
1992-07-09,9.037343829465964
1992-07-10,9.048416713792657
1992-07-13,9.054205063604316
1992-07-14,9.081228012086807
1992-07-15,9.089113308592804
1992-07-16,9.090919054831504
1992-07-17,9.083701602702192
1992-07-20,9.09257889370728
1992-07-21,9.085188723422874
1992-07-22,9.07378265274767
1992-07-23,9.113326931110265
1992-07-24,9.114644767316175
1992-07-27,9.104499270778298
1992-07-28,9.09455310587051
1992-07-29,9.093977760779595
1992-07-30,9.085221010369473
1992-07-31,9.099747770558333
1992-08-03,9.117314014740389
1992-08-04,9.086779448877195
1992-08-05,9.061977021238217
1992-08-06,9.063157238385191
1992-08-07,9.069116182367539
1992-08-10,9.095355140568065
1992-08-11,9.07886921782812
1992-08-12,9.077229297979445
1992-08-13,9.049158404055882
1992-08-14,9.035811717958802
1992-08-17,9.0208925398979
1992-08-18,9.02254050360107
1992-08-19,9.015886704341678
1992-08-20,9.03242275741241
1992-08-21,9.040625643520064
1992-08-24,9.032188843963176
1992-08-25,9.034844000453962
1992-08-26,9.024406902157907
1992-08-27,9.031117386871482
1992-08-28,9.041285512518915
1992-08-31,9.058417613362229
1992-09-01,9.073339559896057
1992-09-02,9.079868971859288
1992-09-03,9.093345586505857
1992-09-04,9.095623804145301
1992-09-08,9.117201098675029
1992-09-09,9.127581627832884
1992-09-10,9.12010998261324
1992-09-11,9.106076643341371
1992-09-14,9.09248307842477
1992-09-15,9.111621699898322
1992-09-16,9.115793471909354
1992-09-17,9.120135099767367
1992-09-18,9.105114954449741
1992-09-21,9.106815134296804
1992-09-22,9.11609374857868
1992-09-23,9.109390984445081
1992-09-24,9.123271806266713
1992-09-25,9.136211076958453
1992-09-28,9.127900369023566
1992-09-29,9.128464239079385
1992-09-30,9.126219507456428
1992-10-01,9.146437679728606
1992-10-02,9.14338207592027
1992-10-05,9.137167592747744
1992-10-06,9.13346453521481
1992-10-07,9.133903985927189
1992-10-08,9.142895723397093
1992-10-09,9.121623264414273
1992-10-12,9.137248637476885
1992-10-13,9.13071662588349
1992-10-14,9.125458127146828
1992-10-15,9.115510057318492
1992-10-16,9.124256916427994
1992-10-19,9.125363054181376
1992-10-20,9.130896033367877
1992-10-21,9.131218380495149
1992-10-22,9.128428262743185
1992-10-23,9.131888087859013
1992-10-26,9.135488523926417
1992-10-27,9.134812125549358
1992-10-28,9.129297759782803
1992-10-29,9.133586984098283
1992-10-30,9.136618858586063
1992-11-02,9.133633503278029
1992-11-03,9.13545611237374
1992-11-04,9.130998478987731
1992-11-05,9.139484061635882
1992-11-06,9.160855175555266
1992-11-09,9.151686505047566
1992-11-10,9.132906516553241
1992-11-11,9.12271701860258
1992-11-12,9.127722489291356
1992-11-13,9.131402299275658
1992-11-16,9.14227530247126
1992-11-17,9.158369286644781
1992-11-18,9.16700094871812
1992-11-19,9.159325687836727
1992-11-20,9.167723902905864
1992-11-23,9.120675877861352
1992-11-24,9.12615141649157
1992-11-25,9.117432902439058
1992-11-30,9.131388872316402
1992-12-01,9.153269583799046
1992-12-02,9.160222954433642
1992-12-03,9.207044372483795
1992-12-04,9.212560695767156
1992-12-07,9.24288146873467
1992-12-08,9.28037381503249
1992-12-09,9.277358092605194
1992-12-10,9.258883083285578
1992-12-11,9.266037771272554
1992-12-14,9.324703889944603
1992-12-15,9.298710591546648
1992-12-16,9.291889723203978
1992-12-17,9.288407909015591
1992-12-18,9.308710707136575
1992-12-21,9.277417747631384
1992-12-22,9.248972180653315
1992-12-23,9.260943808614721
1992-12-28,9.241426960099083
1992-12-29,9.23828171616799
1992-12-30,9.237475223017258
1992-12-31,9.244701717488017
1993-01-04,9.251922853391324
1993-01-05,9.274817389847767
1993-01-06,9.282314807980004
1993-01-07,9.299978623566123
1993-01-08,9.303013438174842
1993-01-11,9.291886803504081
1993-01-12,9.282705607122267
1993-01-13,9.28364122993234
1993-01-14,9.268906282999252
1993-01-15,9.256296145074208
1993-01-18,9.237682603983444
1993-01-19,9.264133949115875
1993-01-20,9.262032727677386
1993-01-21,9.283537522207675
1993-01-22,9.272561190177212
1993-01-25,9.252487128089872
1993-01-26,9.280023851655505
1993-01-27,9.287357962125114
1993-01-28,9.280597898451834
1993-01-29,9.29088763149215
1993-02-01,9.292272254194396
1993-02-02,9.296114866035095
1993-02-03,9.304619710513252
1993-02-04,9.310553427970387
1993-02-05,9.315487087724751
1993-02-08,9.327152444003525
1993-02-09,9.333187146673657
1993-02-10,9.36985803800158
1993-02-11,9.37564727752782
1993-02-12,9.382999335306526
1993-02-16,9.356242893920024
1993-02-17,9.36083267600617
1993-02-18,9.347533624304702
1993-02-19,9.333865197227551
1993-02-22,9.276446921341186
1993-02-23,9.14777526684704
1993-02-24,9.230489185836044
1993-02-25,9.17457305578308
1993-02-26,9.188902452133846
1993-03-02,9.225807971317703
1993-03-03,9.283745597542447
1993-03-04,9.24469385968374
1993-03-05,9.243666147362084
1993-03-08,9.243246468812837
1993-03-09,9.234617331129291
1993-03-10,9.23414009639416
1993-03-11,9.23560166517037
1993-03-12,9.257563868521856
1993-03-15,9.257649926263166
1993-03-16,9.260011032293358
1993-03-17,9.241355686925546
1993-03-18,9.243328893478951
1993-03-19,9.243834165379734
1993-03-22,9.254862148218685
1993-03-23,9.260978712419611
1993-03-24,9.26711110463482
1993-03-25,9.285299176604521
1993-03-26,9.285438960332119
1993-03-29,9.288206699823217
1993-03-30,9.304123921793925
1993-03-31,9.324449225457778
1993-04-01,9.304695296598055
1993-04-02,9.317805321649042
1993-04-05,9.33346265509733
1993-04-06,9.343231795934493
1993-04-07,9.318398414426207
1993-04-08,9.290931862374334
1993-04-12,9.30419563024573
1993-04-13,9.314370843440422
1993-04-14,9.318055860232795
1993-04-15,9.325559121778111
1993-04-16,9.313633481556215
1993-04-19,9.319844335727053
1993-04-20,9.338399310194719
1993-04-21,9.340165747252845
1993-04-22,9.370813457969247
1993-04-23,9.360154284348033
1993-04-26,9.349125151658562
1993-04-27,9.368541652221483
1993-04-28,9.359167416266363
1993-04-29,9.364338109476542
1993-04-30,9.388700535047912
1993-05-03,9.380107513964132
1993-05-04,9.362264621633202
1993-05-05,9.349829143586533
1993-05-06,9.363945876131956
1993-05-07,9.39823399143461
1993-05-10,9.392196743524016
1993-05-11,9.38590719765818
1993-05-12,9.382078513079792
1993-05-13,9.400806994844915
1993-05-14,9.409609665580433
1993-05-17,9.391067571452963
1993-05-18,9.379137777671943
1993-05-19,9.391667699111723
1993-05-20,9.377912710345303
1993-05-21,9.375280850911967
1993-05-24,9.376545794048786
1993-05-25,9.37527131537544
1993-05-26,9.377402874901426
1993-05-27,9.38505317869737
1993-05-28,9.421445829088015
1993-06-01,9.417829500723247
1993-06-02,9.409933773197979
1993-06-03,9.39440371083874
1993-06-04,9.418303699551332
1993-06-07,9.420334678408897
1993-06-08,9.423225568545858
1993-06-09,9.425238462800474
1993-06-10,9.429336235529723
1993-06-11,9.439109655623545
1993-06-14,9.433605788564291
1993-06-15,9.427939980054907
1993-06-16,9.440336774047562
1993-06-17,9.453449944882754
1993-06-18,9.456404591558686
1993-06-21,9.45715737613799
1993-06-22,9.455153907749533
1993-06-23,9.449170587416726
1993-06-24,9.449270038745805
1993-06-25,9.46048544830408
1993-06-28,9.452367566540335
1993-06-29,9.465940397021754
1993-06-30,9.493045382274088
1993-07-01,9.511380004703737
1993-07-02,9.532243130411324
1993-07-06,9.513328551018914
1993-07-07,9.518871315740302
1993-07-08,9.513388376692246
1993-07-09,9.489830848069108
1993-07-12,9.506450857956203
1993-07-13,9.510651076429408
1993-07-14,9.497399509828343
1993-07-15,9.499432709725982
1993-07-16,9.517181118250921
1993-07-19,9.51398616940029
1993-07-20,9.518079924096465
1993-07-21,9.517912420453413
1993-07-22,9.50660311833066
1993-07-23,9.511291381294438
1993-07-26,9.513639158501748
1993-07-27,9.511264901691042
1993-07-28,9.517894526117349
1993-07-29,9.533540799353455
1993-07-30,9.538776445049697
1993-08-02,9.552161233075601
1993-08-03,9.551597733460067
1993-08-04,9.555968716082079
1993-08-05,9.553903676760317
1993-08-06,9.500427402584922
1993-08-09,9.502789403498696
1993-08-10,9.529495825234344
1993-08-11,9.535193074674156
1993-08-12,9.5240077812526
1993-08-13,9.535118218139887
1993-08-16,9.514524150187572
1993-08-17,9.525093282680402
1993-08-18,9.505536621828016
1993-08-19,9.527313281004542
1993-08-20,9.508171638756155
1993-08-23,9.516371328714262
1993-08-24,9.506279283001964
1993-08-25,9.49101716568497
1993-08-26,9.443083448294185
1993-08-27,9.388851808071722
1993-08-30,9.40963921910555
1993-08-31,9.430900706540735
1993-09-01,9.429268653222017
1993-09-02,9.41604815528009
1993-09-03,9.403802842901163
1993-09-07,9.406320112627553
1993-09-08,9.378739802588422
1993-09-09,9.362312960239922
1993-09-10,9.393847084821118
1993-09-13,9.369298900608083
1993-09-14,9.341364108257926
1993-09-15,9.36006136251132
1993-09-16,9.369834936583032
1993-09-17,9.402693625299369
1993-09-20,9.385752650026024
1993-09-21,9.400298130272416
1993-09-22,9.44110194731519
1993-09-23,9.412677874107496
1993-09-24,9.432906357024887
1993-09-27,9.43498027632673
1993-09-28,9.428609732174595
1993-09-29,9.425121893897137
1993-09-30,9.42779329158376
1993-10-01,9.438970944085593
1993-10-04,9.434361044074212
1993-10-05,9.427012702273652
1993-10-06,9.424809521818162
1993-10-07,9.440369671031803
1993-10-08,9.451702901043268
1993-10-11,9.454972843732016
1993-10-12,9.491408625724343
1993-10-13,9.503623522104512
1993-10-14,9.50655199007188
1993-10-15,9.502513990164465
1993-10-18,9.478910246622883
1993-10-19,9.493913316623994
1993-10-20,9.499156382968707
1993-10-21,9.50048068082767
1993-10-22,9.471446779185888
1993-10-25,9.482676669189427
1993-10-26,9.48735619200346
1993-10-27,9.471644488609508
1993-10-28,9.476693111500444
1993-10-29,9.470483539052973
1993-11-01,9.472324217296995
1993-11-02,9.450841427830747
1993-11-03,9.46138964951989
1993-11-04,9.468661547771694
1993-11-05,9.481934011777161
1993-11-08,9.467467817712167
1993-11-09,9.465575641770668
1993-11-10,9.470460073610441
1993-11-11,9.470256386074206
1993-11-12,9.470647631954137
1993-11-15,9.465433353276387
1993-11-16,9.478397228106925
1993-11-17,9.482702018719802
1993-11-18,9.466962502631011
1993-11-19,9.469996054843259
1993-11-22,9.466678180898917
1993-11-23,9.46235619993219
1993-11-24,9.435961268469578
1993-11-29,9.433594212483499
1993-11-30,9.405937197739819
1993-12-01,9.400542247028472
1993-12-02,9.416120584871335
1993-12-03,9.424755128972523
1993-12-06,9.42229483380041
1993-12-07,9.438308614765447
1993-12-08,9.455715015416862
1993-12-09,9.45826645107591
1993-12-10,9.44632186269303
1993-12-13,9.450878575299711
1993-12-14,9.458046532406806
1993-12-15,9.450752983220873
1993-12-16,9.444460678038038
1993-12-17,9.44388392922112
1993-12-20,9.437295332129612
1993-12-21,9.44080658562806
1993-12-22,9.44065286777707
1993-12-23,9.434810640456178
1993-12-27,9.437989678859015
1993-12-28,9.432820575948481
1993-12-29,9.436827808686488
1993-12-30,9.426175958841878
1994-01-03,9.42750354931935
1994-01-04,9.434871318653922
1994-01-05,9.455586319066319
1994-01-06,9.444370779462695
1994-01-07,9.441265898352755
1994-01-10,9.436472765970612
1994-01-11,9.419094143563946
1994-01-12,9.424923858104709
1994-01-13,9.421723524451597
1994-01-14,9.423574708340507
1994-01-17,9.427739243089377
1994-01-18,9.44121905067271
1994-01-19,9.441959200246204
1994-01-20,9.432404104705613
1994-01-21,9.426100590890869
1994-01-24,9.420492995814476
1994-01-25,9.424123731040398
1994-01-26,9.423166821579292
1994-01-27,9.427417705686869
1994-01-28,9.42472966425369
1994-01-31,9.422747126454954
1994-02-01,9.433236354065842
1994-02-02,9.45300804564543
1994-02-03,9.45793192585083
1994-02-04,9.462583435695912
1994-02-07,9.474469762058916
1994-02-08,9.466290302598129
1994-02-09,9.486989492049434
1994-02-10,9.504574338927696
1994-02-11,9.502243825943868
1994-02-14,9.49449700875685
1994-02-15,9.507344250628678
1994-02-16,9.539007125492292
1994-02-17,9.520405929885207
1994-02-18,9.515071427434478
1994-02-22,9.511022738507574
1994-02-23,9.495568447635012
1994-02-24,9.499777169030871
1994-02-25,9.505791790726386
1994-02-28,9.520183017065687
1994-03-01,9.524488366464993
1994-03-02,9.517445367936691
1994-03-03,9.508473328040346
1994-03-04,9.471242193867823
1994-03-07,9.475938795903613
1994-03-08,9.48413335936856
1994-03-09,9.491284502724774
1994-03-10,9.490953381388978
1994-03-11,9.501208489046837
1994-03-14,9.51741213059885
1994-03-15,9.503414849937244
1994-03-16,9.507583408567358
1994-03-17,9.499965590501189
1994-03-18,9.498319142967516
1994-03-21,9.501164952031496
1994-03-22,9.502975399091518
1994-03-23,9.514957432858466
1994-03-24,9.514728265135618
1994-03-25,9.516315191118315
1994-03-28,9.517763036346077
1994-03-29,9.510345072679518
1994-03-30,9.502909345460475
1994-03-31,9.491083979054096
1994-04-04,9.52398395909465
1994-04-05,9.51738334411798
1994-04-06,9.514990047502478
1994-04-07,9.494029527158629
1994-04-08,9.496209007285179
1994-04-11,9.501967683509932
1994-04-12,9.491066965903476
1994-04-13,9.488828575624671
1994-04-14,9.492875212496887
1994-04-15,9.49417242188739
1994-04-18,9.490615975984703
1994-04-19,9.48365193463952
1994-04-20,9.48742365033604
1994-04-21,9.505986890030753
1994-04-22,9.507539274778269
1994-04-25,9.491407731825369
1994-04-26,9.506532622853454
1994-04-28,9.51666839109271
1994-04-29,9.520071114685235
1994-05-02,9.533906890463376
1994-05-03,9.561988535670373
1994-05-04,9.553085269589273
1994-05-05,9.549388425693314
1994-05-06,9.532376026397515
1994-05-09,9.55165875686148
1994-05-10,9.53046885491922
1994-05-11,9.509184312237155
1994-05-12,9.520666099982929
1994-05-13,9.520232401016695
1994-05-16,9.512609075071708
1994-05-17,9.51937286806427
1994-05-18,9.518363013636183
1994-05-19,9.517269724147315
1994-05-20,9.518453187888987
1994-05-23,9.525205752966087
1994-05-24,9.537682882519746
1994-05-25,9.532812541844919
1994-05-26,9.504101879915478
1994-05-27,9.505979117585698
1994-05-31,9.511207704941691
1994-06-01,9.521202426616176
1994-06-02,9.507122165193781
1994-06-03,9.50874074688398
1994-06-06,9.50900439253637
1994-06-07,9.501761079468912
1994-06-08,9.505434023827311
1994-06-09,9.521695145613348
1994-06-10,9.521854695543004
1994-06-13,9.530505448495747
1994-06-14,9.534689708849665
1994-06-15,9.538237807640764
1994-06-16,9.542211490082563
1994-06-17,9.539795361269796
1994-06-20,9.547222237693477
1994-06-21,9.535846603583417
1994-06-22,9.541771343281445
1994-06-23,9.53455131256532
1994-06-24,9.537841748375943
1994-06-27,9.537608460249979
1994-06-28,9.539147986050933
1994-06-29,9.540548504509223
1994-06-30,9.545420683974148
1994-07-01,9.57304829270603
1994-07-05,9.58868593691858
1994-07-06,9.581651977862524
1994-07-07,9.570052879465043
1994-07-08,9.58169527959232
1994-07-11,9.585150883137882
1994-07-12,9.593943109361673
1994-07-13,9.5984695006357
1994-07-14,9.592203656592105
1994-07-15,9.6023049173782
1994-07-18,9.604761939448023
1994-07-19,9.604288758012196
1994-07-20,9.596280752930639
1994-07-21,9.594772555456696
1994-07-22,9.595860029202711
1994-07-25,9.602367473071702
1994-07-26,9.613712715803137
1994-07-27,9.641631003091408
1994-07-28,9.640347126778387
1994-07-29,9.622598633217994
1994-08-01,9.639644002166625
1994-08-02,9.656874271140493
1994-08-03,9.659601926518445
1994-08-04,9.650908231063607
1994-08-05,9.627755511921906
1994-08-08,9.630132015673118
1994-08-09,9.630686865311855
1994-08-10,9.6418019616885
1994-08-11,9.641110919699333
1994-08-12,9.647647553551383
1994-08-15,9.64268528379811
1994-08-16,9.640141893463008
1994-08-17,9.645203573579659
1994-08-18,9.64329282095926
1994-08-19,9.648043069295435
1994-08-22,9.656836619056156
1994-08-23,9.644227896372367
1994-08-24,9.646945215542607
1994-08-25,9.650576447896919
1994-08-26,9.639617760573513
1994-08-29,9.634492183931897
1994-08-30,9.642704894223932
1994-08-31,9.635518669368647
1994-09-01,9.641734892317562
1994-09-02,9.643559518499979
1994-09-06,9.64893926171203
1994-09-07,9.648358070145077
1994-09-08,9.6501552911773
1994-09-09,9.645198362968818
1994-09-12,9.638651492597099
1994-09-13,9.613036967571867
1994-09-14,9.613060844311875
1994-09-15,9.608963431732475
1994-09-16,9.613195629526244
1994-09-19,9.623668741466037
1994-09-20,9.635763457873377
1994-09-21,9.66916614247959
1994-09-22,9.65435186524716
1994-09-23,9.659980375808113
1994-09-26,9.663503178287058
1994-09-27,9.656268687625214
1994-09-28,9.652151835441218
1994-09-29,9.644327937897213
1994-09-30,9.632819110874088
1994-10-03,9.631938778039183
1994-10-04,9.635646804934686
1994-10-05,9.638187383066738
1994-10-06,9.647740118590095
1994-10-07,9.648076304349676
1994-10-10,9.641776865162559
1994-10-11,9.637286458067608
1994-10-12,9.629318340384424
1994-10-13,9.627814179546746
1994-10-14,9.63055265538828
1994-10-17,9.636440658459714
1994-10-18,9.656613248361763
1994-10-19,9.653188596406133
1994-10-20,9.658965905778755
1994-10-21,9.663676921627566
1994-10-24,9.660183459376947
1994-10-25,9.65570202640101
1994-10-26,9.664760986762978
1994-10-27,9.666701849600685
1994-10-28,9.69083410713645
1994-10-31,9.683855997113964
1994-11-01,9.676685863587455
1994-11-02,9.68432720216809
1994-11-03,9.694925716811683
1994-11-04,9.687452740829068
1994-11-07,9.686861205977975
1994-11-08,9.663635326617234
1994-11-09,9.670616593252467
1994-11-10,9.65289809149595
1994-11-11,9.658484658911366
1994-11-14,9.656101743711112
1994-11-15,9.66558800984606
1994-11-16,9.671888793963548
1994-11-17,9.660087321019994
1994-11-18,9.665113393826813
1994-11-21,9.650270765716863
1994-11-22,9.637958257597052
1994-11-23,9.654096212173163
1994-11-28,9.655617753930805
1994-11-29,9.649081642661573
1994-11-30,9.654473531126175
1994-12-01,9.65177755832826
1994-12-02,9.646128181666647
1994-12-05,9.649074854949914
1994-12-06,9.640232070325315
1994-12-07,9.645426945497414
1994-12-08,9.645865103536776
1994-12-09,9.643244626167872
1994-12-12,9.648477064528375
1994-12-13,9.655247823806024
1994-12-14,9.651149579737755
1994-12-15,9.645560685074551
1994-12-16,9.648730701150097
1994-12-19,9.65222332593624
1994-12-20,9.65250801340337
1994-12-21,9.656651836128866
1994-12-22,9.659742272256029
1994-12-23,9.658967120003778
1994-12-27,9.656564014316753
1994-12-28,9.667622651508035
1994-12-29,9.676960021263323
1994-12-30,9.678681012092094
1995-01-03,9.680271394591431
1995-01-04,9.683234163357469
1995-01-05,9.663029706518968
1995-01-06,9.657522075304534
1995-01-09,9.644782173521246
1995-01-10,9.65549740054687
1995-01-11,9.666015236857177
1995-01-12,9.671808235630003
1995-01-13,9.678938861897763
1995-01-16,9.66432130300649
1995-01-17,9.65834248493552
1995-01-18,9.663148349556357
1995-01-19,9.672296269345283
1995-01-20,9.67577054045581
1995-01-23,9.682079059513647
1995-01-24,9.674698263379119
1995-01-25,9.677309369291395
1995-01-26,9.680115324343157
1995-01-27,9.685453007099351
1995-01-30,9.664183861560865
1995-01-31,9.670857159641237
1995-02-01,9.671623478848108
1995-02-02,9.679816749802255
1995-02-03,9.674717035251717
1995-02-06,9.670708545748427
1995-02-07,9.672504643306496
1995-02-08,9.664096730335494
1995-02-09,9.667655169274342
1995-02-10,9.670183166440752
1995-02-13,9.67181322691142
1995-02-14,9.67139122124872
1995-02-15,9.673020351510697
1995-02-16,9.664555392196748
1995-02-17,9.662102817463534
1995-02-21,9.661617765764548
1995-02-22,9.663293578571054
1995-02-23,9.677715244549844
1995-02-24,9.67642688127894
1995-02-27,9.664262637126498
1995-02-28,9.6564976791301
1995-03-01,9.650614853648996
1995-03-02,9.63458432512889
1995-03-03,9.636533061178644
1995-03-06,9.641197242732124
1995-03-07,9.639593786429417
1995-03-08,9.679204632496374
1995-03-09,9.648444503270312
1995-03-10,9.66068674765311
1995-03-13,9.671658559118185
1995-03-14,9.67927667201189
1995-03-15,9.688564031497089
1995-03-16,9.70729898899302
1995-03-17,9.716541122092378
1995-03-20,9.732340793686909
1995-03-21,9.733308054148527
1995-03-22,9.724601057517505
1995-03-23,9.739214975528359
1995-03-24,9.765199225232548
1995-03-27,9.733262425357243
1995-03-28,9.74136554511799
1995-03-29,9.761555624472543
1995-03-30,9.78321719442941
1995-03-31,9.786792090238954
1995-04-03,9.772143539505363
1995-04-04,9.770369325354634
1995-04-05,9.783893531522898
1995-04-06,9.78187135199193
1995-04-07,9.77296892032455
1995-04-10,9.778026983887852
1995-04-11,9.757020807298431
1995-04-12,9.769428908666237
1995-04-13,9.757012827560057
1995-04-17,9.764362735288234
1995-04-18,9.777551475613265
1995-04-19,9.776299375825824
1995-04-20,9.761925069246065
1995-04-21,9.731797980051025
1995-04-24,9.71912946295041
1995-04-25,9.718051900611265
1995-04-26,9.704182958568122
1995-04-27,9.681574681562687
1995-04-28,9.693064529916166
1995-05-01,9.703390096763414
1995-05-02,9.696273292799269
1995-05-03,9.70157529213097
1995-05-04,9.704118822450225
1995-05-05,9.706744078613834
1995-05-08,9.681916803684208
1995-05-09,9.692898754646013
1995-05-10,9.677883608617622
1995-05-11,9.68092112099559
1995-05-12,9.671858521505367
1995-05-15,9.703742173336897
1995-05-16,9.694485721383959
1995-05-17,9.686572819912778
1995-05-18,9.665128660110048
1995-05-19,9.667637159826594
1995-05-22,9.67013671673442
1995-05-23,9.676698753745148
1995-05-24,9.677840418260724
1995-05-25,9.703485059823903
1995-05-26,9.700171165063969
1995-05-30,9.713239025184338
1995-05-31,9.709560355475043
1995-06-01,9.686345483914689
1995-06-02,9.685975044368364
1995-06-05,9.663559014988241
1995-06-06,9.67134262588211
1995-06-07,9.662498943415368
1995-06-08,9.673812783371925
1995-06-09,9.674603407610322
1995-06-12,9.678249240013423
1995-06-13,9.701668920834596
1995-06-14,9.689702581837008
1995-06-15,9.688788767709319
1995-06-16,9.70179716895073
1995-06-19,9.684603619445397
1995-06-20,9.692520863125049
1995-06-21,9.684639843935482
1995-06-22,9.67820909020686
1995-06-23,9.672995886135892
1995-06-26,9.674742958283748
1995-06-27,9.675995709878524
1995-06-28,9.688231540410731
1995-06-29,9.683807280402117
1995-06-30,9.683182528384464
1995-07-05,9.677979365622026
1995-07-06,9.671343712698507
1995-07-07,9.670383829288703
1995-07-10,9.678698084508763
1995-07-11,9.677571019883956
1995-07-12,9.670003389649182
1995-07-13,9.663759650528796
1995-07-14,9.65640000481612
1995-07-17,9.659198439167593
1995-07-18,9.657684816567118
1995-07-19,9.652721957886222
1995-07-20,9.647923609220658
1995-07-21,9.639662012546415
1995-07-24,9.63603518106425
1995-07-25,9.65062639838923
1995-07-26,9.643277755389985
1995-07-27,9.656262096181386
1995-07-28,9.647759259281878
1995-07-31,9.641441525155315
1995-08-01,9.633597926189386
1995-08-02,9.633001065203857
1995-08-03,9.636821166350877
1995-08-04,9.63662479377773
1995-08-07,9.635270341581345
1995-08-08,9.636694101894955
1995-08-09,9.635226599783442
1995-08-10,9.636641792434594
1995-08-11,9.627735934196616
1995-08-14,9.601738027722892
1995-08-15,9.608905536523489
1995-08-16,9.613105904632722
1995-08-17,9.609425082530041
1995-08-18,9.628609592203906
1995-08-21,9.626432100919546
1995-08-22,9.631579922973136
1995-08-23,9.630672797090362
1995-08-24,9.624891597623048
1995-08-25,9.625749167441986
1995-08-28,9.618154313060106
1995-08-29,9.618690888840097
1995-08-30,9.608609875954224
1995-08-31,9.596589893327542
1995-09-01,9.598018996815435
1995-09-05,9.602026353158623
1995-09-06,9.591301950498881
1995-09-07,9.589191459424061
1995-09-08,9.596353824277925
1995-09-11,9.598646686083963
1995-09-12,9.59857992503139
1995-09-13,9.612626564415981
1995-09-14,9.611256845619227
1995-09-15,9.612261363128919
1995-09-18,9.605982584706679
1995-09-19,9.608978807061241
1995-09-20,9.606327334493939
1995-09-21,9.570419272446976
1995-09-22,9.531018558055354
1995-09-25,9.525143938993176
1995-09-26,9.525395988648887
1995-09-27,9.540261835651513
1995-09-28,9.551465809928416
1995-09-29,9.56901778596706
1995-10-02,9.58990978524136
1995-10-03,9.550917158461077
1995-10-04,9.550862242815901
1995-10-05,9.532833875067762
1995-10-06,9.525397424353043
1995-10-09,9.52541587288171
1995-10-10,9.54626893025565
1995-10-11,9.551827152118614
1995-10-12,9.536843493269673
1995-10-13,9.535847941962624
1995-10-16,9.539673226578358
1995-10-17,9.543259415996106
1995-10-18,9.537819228798044
1995-10-19,9.53429285137191
1995-10-20,9.521929665962858
1995-10-23,9.5218359989472
1995-10-24,9.517583830621712
1995-10-25,9.521253128975415
1995-10-26,9.531445967003513
1995-10-27,9.51202234322461
1995-10-30,9.525773520901058
1995-10-31,9.528874911264394
1995-11-01,9.54349821165021
1995-11-02,9.531739350217592
1995-11-03,9.520483162037609
1995-11-06,9.52147986433154
1995-11-07,9.504755266441396
1995-11-08,9.518532149593316
1995-11-09,9.517781366961888
1995-11-10,9.524731526841437
1995-11-13,9.524752126677857
1995-11-14,9.524376300097567
1995-11-15,9.518610429470183
1995-11-16,9.52313238716097
1995-11-17,9.511764425500516
1995-11-20,9.516626024220828
1995-11-21,9.518674699220826
1995-11-22,9.509685286371257
1995-11-27,9.509835548537227
1995-11-28,9.516776295657039
1995-11-29,9.518392786957387
1995-11-30,9.505290165295465
1995-12-01,9.49957931175167
1995-12-04,9.484878006375999
1995-12-05,9.500501971131758
1995-12-06,9.515266235650346
1995-12-07,9.507600513188937
1995-12-08,9.50908794783709
1995-12-11,9.517511571216822
1995-12-12,9.539480389966975
1995-12-13,9.530210802717603
1995-12-14,9.517341782898432
1995-12-15,9.515280588966466
1995-12-18,9.495250725003626
1995-12-19,9.511614877433942
1995-12-20,9.485546483277426
1995-12-21,9.488345111619122
1995-12-22,9.502976600083102
1995-12-26,9.49979909942057
1995-12-27,9.499917154897675
1995-12-28,9.483625745636937
1995-12-29,9.465148060323756
1996-01-02,9.471063869175817
1996-01-03,9.4991539557412
1996-01-04,9.503747660635291
1996-01-05,9.500511168104682
1996-01-09,9.507267629998962
1996-01-10,9.481337082447721
1996-01-11,9.49601902027491
1996-01-12,9.480811389431034
1996-01-15,9.479679390633214
1996-01-16,9.490619691564378
1996-01-17,9.495297813650833
1996-01-18,9.494330702376956
1996-01-19,9.48701231411329
1996-01-22,9.492332210297162
1996-01-23,9.498371493039745
1996-01-24,9.496304925756597
1996-01-25,9.47342221867342
1996-01-26,9.483442406720197
1996-01-29,9.460085188986701
1996-01-30,9.471207885711694
1996-01-31,9.469083081871268
1996-02-01,9.477240162556448
1996-02-02,9.517743413168763
1996-02-05,9.550125780866175
1996-02-06,9.574877075842316
1996-02-07,9.560993842468477
1996-02-08,9.550245491310342
1996-02-09,9.565069584528228
1996-02-12,9.545362509382512
1996-02-13,9.544309828753047
1996-02-14,9.561961527008613
1996-02-15,9.579317815003606
1996-02-16,9.583846359486898
1996-02-20,9.581886240774296
1996-02-21,9.563964311761842
1996-02-22,9.57745195928926
1996-02-23,9.56859751825548
1996-02-26,9.564619255048155
1996-02-27,9.559673454060443
1996-02-28,9.555864058474574
1996-02-29,9.535696567511527
1996-03-01,9.538447913324584
1996-03-04,9.515021165307056
1996-03-05,9.50534422027025
1996-03-06,9.509550294921004
1996-03-07,9.51960295604624
1996-03-08,9.522584116491993
1996-03-11,9.538992323318103
1996-03-12,9.570398600228437
1996-03-13,9.576805426720448
1996-03-14,9.566346700463056
1996-03-15,9.548823626105692
1996-03-18,9.550909700678059
1996-03-19,9.5452058093746
1996-03-20,9.55444493390476
1996-03-21,9.552453491830692
1996-03-22,9.557729181113288
1996-03-25,9.567741345118595
1996-03-26,9.566478502474432
1996-03-27,9.574928620234795
1996-03-28,9.568662982624888
1996-03-29,9.555060701648996
1996-04-01,9.553220998813085
1996-04-02,9.567307597601815
1996-04-03,9.562040827814473
1996-04-04,9.561305217818402
1996-04-08,9.555814851286573
1996-04-09,9.566124732248786
1996-04-10,9.55365964826926
1996-04-11,9.548802130188804
1996-04-12,9.53895529508371
1996-04-15,9.538389722458573
1996-04-16,9.536523889985656
1996-04-17,9.52482455386105
1996-04-18,9.52939091416093
1996-04-19,9.511385846621197
1996-04-22,9.502585924412058
1996-04-23,9.518304369232322
1996-04-24,9.520166162814695
1996-04-25,9.509516772442414
1996-04-26,9.5267221968469
1996-04-29,9.488689959632937
1996-04-30,9.486465645747167
1996-05-01,9.483710046312142
1996-05-02,9.498827673842571
1996-05-03,9.521442111744532
1996-05-06,9.518810142181634
1996-05-07,9.525739861442808
1996-05-08,9.52581458270767
1996-05-09,9.515915421208923
1996-05-10,9.512890253593156
1996-05-13,9.505231102910939
1996-05-14,9.507257238017234
1996-05-15,9.507515811375116
1996-05-16,9.521461561746621
1996-05-17,9.50680863431988
1996-05-20,9.497778876662881
1996-05-21,9.464004763802958
1996-05-22,9.481271139149994
1996-05-23,9.483224399002252
1996-05-24,9.494324430547326
1996-05-28,9.47709508294537
1996-05-29,9.489755681193701
1996-05-30,9.494650636483675
1996-05-31,9.498002777133312
1996-06-03,9.498634469445827
1996-06-04,9.493486004840314
1996-06-05,9.48108491525218
1996-06-06,9.46880499930608
1996-06-07,9.473789582334796
1996-06-10,9.473540114052815
1996-06-11,9.473942882142646
1996-06-12,9.466635597384743
1996-06-13,9.475055565314298
1996-06-14,9.479455333972254
1996-06-17,9.489600982404646
1996-06-18,9.483536169078365
1996-06-19,9.477045495159539
1996-06-20,9.480970445558375
1996-06-21,9.481569029704104
1996-06-24,9.483133289791569
1996-06-25,9.488222193860738
1996-06-26,9.494296625466415
1996-06-27,9.50380735510931
1996-06-28,9.50951973785109
1996-07-01,9.505311430769126
1996-07-02,9.516660691172309
1996-07-03,9.51657746510331
1996-07-08,9.51392792813858
1996-07-09,9.48135844114476
1996-07-10,9.496411743981822
1996-07-11,9.495823850600152
1996-07-12,9.490392499789143
1996-07-15,9.492543325119698
1996-07-16,9.499840477232341
1996-07-17,9.511506531654325
1996-07-18,9.508779798365813
1996-07-19,9.512326314564223
1996-07-22,9.513334068913169
1996-07-23,9.518985927058457
1996-07-24,9.514602423167313
1996-07-25,9.510545861660747
1996-07-26,9.49065675418471
1996-07-29,9.492534575476592
1996-07-30,9.484667025374376
1996-07-31,9.472240467440015
1996-08-01,9.495850889448691
1996-08-02,9.493192320266669
1996-08-05,9.470941254032663
1996-08-06,9.478266941313281
1996-08-07,9.471383744367907
1996-08-08,9.47781854188951
1996-08-09,9.478839851802071
1996-08-12,9.480376899026785
1996-08-13,9.4717260768028
1996-08-14,9.480948240464985
1996-08-15,9.465034612788822
1996-08-16,9.456207735360168
1996-08-19,9.434070085025555
1996-08-20,9.440379187365354
1996-08-21,9.45241041327398
1996-08-22,9.43871248598634
1996-08-23,9.442307053133408
1996-08-26,9.450318193276026
1996-08-27,9.446464565079864
1996-08-28,9.45781084134822
1996-08-29,9.459144563252302
1996-08-30,9.453885166885925
1996-09-03,9.445952538876254
1996-09-04,9.450192101222752
1996-09-05,9.44605846765717
1996-09-06,9.447372277769015
1996-09-09,9.447752081066845
1996-09-10,9.441646929036775
1996-09-11,9.424529083110114
1996-09-12,9.422816909775085
1996-09-13,9.423259998609755
1996-09-16,9.425699599231036
1996-09-17,9.41692008677445
1996-09-18,9.413779768052404
1996-09-19,9.413860995003636
1996-09-20,9.407676528636904
1996-09-23,9.399703766036637
1996-09-24,9.384472420638948
1996-09-25,9.386124171375979
1996-09-26,9.397241931106777
1996-09-27,9.384540331225356
1996-09-30,9.393348465058763
1996-10-01,9.391016443842025
1996-10-02,9.397429798695546
1996-10-03,9.412895790166408
1996-10-04,9.402986043750401
1996-10-07,9.406527073963153
1996-10-08,9.390866019574773
1996-10-09,9.386811988398938
1996-10-10,9.380423569091484
1996-10-11,9.387779874683487
1996-10-14,9.38468143804894
1996-10-15,9.373963765748108
1996-10-16,9.371949842341978
1996-10-17,9.373750128871222
1996-10-18,9.363302544212274
1996-10-21,9.369981211234665
1996-10-22,9.379856878418245
1996-10-23,9.399789646748491
1996-10-24,9.393136781473354
1996-10-25,9.383869393256488
1996-10-28,9.378421149038639
1996-10-29,9.37297401827638
1996-10-30,9.35946975517169
1996-10-31,9.372351509357113
1996-11-01,9.365674356546815
1996-11-04,9.363622631706484
1996-11-05,9.372333730322676
1996-11-06,9.375251661073861
1996-11-07,9.360341341786212
1996-11-08,9.377030327400748
1996-11-11,9.376339759119102
1996-11-12,9.376368325530407
1996-11-13,9.393032945830363
1996-11-14,9.423550930380554
1996-11-15,9.397214412012202
1996-11-18,9.398688688139782
1996-11-19,9.386878044013127
1996-11-20,9.384818662009723
1996-11-21,9.390322080425575
1996-11-22,9.386477180653438
1996-11-25,9.3911799256279
1996-11-26,9.372794292376069
1996-11-27,9.370387010230575
1996-12-02,9.364328666504878
1996-12-03,9.37347054958509
1996-12-04,9.368209757991341
1996-12-05,9.382824398570117
1996-12-06,9.376310770592365
1996-12-09,9.374209751780862
1996-12-10,9.388286292445008
1996-12-11,9.401674766470293
1996-12-12,9.411540481360772
1996-12-13,9.39640902603959
1996-12-16,9.391079514483286
1996-12-17,9.39114297902867
1996-12-18,9.38902942479875
1996-12-19,9.404193098170904
1996-12-20,9.400699813669513
1996-12-23,9.402414637742583
1996-12-24,9.382599949300472
1996-12-26,9.38321735094852
1996-12-27,9.388332427214802
1996-12-30,9.382809351854982
1996-12-31,9.383296069443748
1997-01-02,9.426904801539544
1997-01-03,9.420089165590444
1997-01-06,9.40773773068094
1997-01-07,9.402433475434867
1997-01-08,9.414772772766511
1997-01-09,9.424114737684032
1997-01-10,9.442237131217858
1997-01-13,9.441671248871616
1997-01-14,9.435696337281074
1997-01-15,9.421973219756293
1997-01-16,9.415926152410806
1997-01-17,9.430227783531144
1997-01-20,9.43416363964354
1997-01-21,9.426058539739062
1997-01-22,9.422500021329752
1997-01-23,9.422929093299823
1997-01-24,9.423349132075629
1997-01-27,9.438672128745281
1997-01-28,9.440587560672233
1997-01-29,9.432075492942229
1997-01-30,9.430959273654823
1997-01-31,9.424044395990522
1997-02-03,9.448339498839164
1997-02-04,9.462667914923923
1997-02-05,9.471077781724938
1997-02-06,9.471326196857008
1997-02-07,9.494445408995611
1997-02-10,9.513806338052406
1997-02-11,9.539129361769263
1997-02-12,9.525771860394405
1997-02-13,9.554601736772387
1997-02-14,9.546785458304669
1997-02-18,9.523091895804027
1997-02-19,9.525439645060718
1997-02-20,9.51758604379557
1997-02-21,9.518109835601118
1997-02-24,9.5532505474838
1997-02-25,9.56369340385622
1997-02-26,9.576988529970222
1997-02-27,9.618486687348316
1997-02-28,9.666299522485511
1997-03-03,9.647677330617823
1997-03-04,9.656858585872875
1997-03-05,9.624081133686845
1997-03-06,9.582980863861879
1997-03-07,9.630109458241582
1997-03-10,9.62012787404085
1997-03-11,9.650917573335338
1997-03-12,9.689350043724994
1997-03-13,9.642715374820481
1997-03-14,9.654676768793202
1997-03-17,9.643876763037357
1997-03-18,9.618438841188617
1997-03-19,9.584126533992336
1997-03-20,9.615169316395779
1997-03-21,9.63214953679636
1997-03-24,9.643680043141982
1997-03-25,9.609634428512358
1997-03-26,9.593457326569444
1997-03-27,9.61192204554904
1997-03-31,9.603039663570181
1997-04-01,9.599801644019873
1997-04-02,9.626503752132946
1997-04-03,9.599509927406134
1997-04-04,9.600266874477
1997-04-07,9.608291227662457
1997-04-08,9.63160534428375
1997-04-09,9.64052827022241
1997-04-10,9.677539078749119
1997-04-11,9.650176000876995
1997-04-14,9.645571802701946
1997-04-15,9.640844719533778
1997-04-16,9.614920526347117
1997-04-17,9.621674887169121
1997-04-18,9.638069860391662
1997-04-21,9.64506251950365
1997-04-22,9.652536929823658
1997-04-23,9.646000476531174
1997-04-24,9.647649728171082
1997-04-25,9.650571835248792
1997-04-28,9.674700435924645
1997-04-29,9.655868058804844
1997-04-30,9.663530412385503
1997-05-01,9.655276188622864
1997-05-02,9.660383607267917
1997-05-05,9.659705384232128
1997-05-06,9.666025717640375
1997-05-07,9.6553370665498
1997-05-08,9.6476202010985
1997-05-09,9.666193549043063
1997-05-12,9.703741738936042
1997-05-13,9.752170491618777
1997-05-14,9.748610216977761
1997-05-15,9.762886947255947
1997-05-16,9.758635660470242
1997-05-19,9.752025203364793
1997-05-20,9.787065688030655
1997-05-21,9.807840505014006
1997-05-22,9.797526729199102
1997-05-23,9.75173511539974
1997-05-27,9.72466557805816
1997-05-28,9.740403679008741
1997-05-29,9.776240207582921
1997-05-30,9.828007920545257
1997-06-02,9.754584195174058
1997-06-03,9.702148546900968
1997-06-04,9.739514239738122
1997-06-05,9.757031894975595
1997-06-06,9.758148728282876
1997-06-09,9.793490173964921
1997-06-10,9.766717875167583
1997-06-11,9.761503729790467
1997-06-12,9.789883520989756
1997-06-13,9.822326075419408
1997-06-16,9.844339069712165
1997-06-17,9.798603803245149
1997-06-18,9.784220683377427
1997-06-19,9.732561174967055
1997-06-20,9.741387275439818
1997-06-23,9.757406701189938
1997-06-24,9.779088496883187
1997-06-25,9.791721733365348
1997-06-26,9.804285924044361
1997-06-27,9.804709898923806
1997-06-30,9.773082748762436
1997-07-01,9.767687133206898
1997-07-02,9.776821829136377
1997-07-03,9.76498264957131
1997-07-07,9.756604401637135
1997-07-08,9.736688998624246
1997-07-09,9.699030197732373
1997-07-10,9.640417718714133
1997-07-11,9.600174593114703
1997-07-14,9.638743960153425
1997-07-15,9.630421433412476
1997-07-16,9.630249342606124
1997-07-17,9.668561664119414
1997-07-18,9.68297155057033
1997-07-21,9.72218052085089
1997-07-22,9.750401036102142
1997-07-23,9.803071588732456
1997-07-24,9.792771401774132
1997-07-25,9.831499387965328
1997-07-28,9.851670072665998
1997-07-29,9.872651746692705
1997-07-30,9.877483791707068
1997-07-31,9.894978347464095
1997-08-01,9.90755806075422
1997-08-04,9.93972440495792
1997-08-05,9.963424997630232
1997-08-06,10.021272379607023
1997-08-07,9.950362606711494
1997-08-08,9.963261352758819
1997-08-11,10.006803708075685
1997-08-12,9.978361149281362
1997-08-13,9.975759427694861
1997-08-14,9.96712754118077
1997-08-15,9.947556851989113
1997-08-18,9.926649523521931
1997-08-19,9.91947416972679
1997-08-20,9.885906984425734
1997-08-21,9.923264092094735
1997-08-22,9.898497130529076
1997-08-25,9.889138279004806
1997-08-26,9.881707010143375
1997-08-27,9.847744704923041
1997-08-28,9.833355331136445
1997-08-29,9.82835029021662
1997-09-02,9.845559661233205
1997-09-03,9.833992513759789
1997-09-04,9.841419397013848
1997-09-05,9.831246159040044
1997-09-08,9.84815376088851
1997-09-09,9.828203627784713
1997-09-10,9.845500701306948
1997-09-11,9.847997562946313
1997-09-12,9.87295285071616
1997-09-15,9.868722759716244
1997-09-16,9.863993033176564
1997-09-17,9.849441219809908
1997-09-18,9.840873705848223
1997-09-19,9.867175187489
1997-09-22,9.890478698479548
1997-09-23,9.864331470869066
1997-09-24,9.865183987732243
1997-09-25,9.872669153290209
1997-09-26,9.8653475994355
1997-09-29,9.867421542248648
1997-09-30,9.888227600477842
1997-10-01,9.869973819541787
1997-10-02,9.865185912371457
1997-10-03,9.862225555010552
1997-10-06,9.871923743427468
1997-10-07,9.876812860912999
1997-10-08,9.899202869428958
1997-10-09,9.930023956871501
1997-10-10,9.92367853734702
1997-10-13,9.928358866773985
1997-10-14,9.929684190684522
1997-10-15,9.951933579606079
1997-10-16,9.981186445800763
1997-10-17,10.005101892219058
1997-10-20,9.976883616936417
1997-10-21,9.950568717910828
1997-10-22,9.934044877914506
1997-10-23,9.907142138071693
1997-10-24,9.924614066814547
1997-10-27,9.916958794727542
1997-10-28,9.91519982224546
1997-10-29,9.948566770697818
1997-10-30,9.974101374469688
1997-10-31,9.942918115759264
1997-11-03,9.929757411140754
1997-11-04,9.94729786227846
1997-11-05,9.947069160369319
1997-11-06,9.936945766971748
1997-11-07,9.928035209818905
1997-11-10,9.926815724541335
1997-11-11,9.931472793770055
1997-11-12,9.945804304333041
1997-11-13,9.9555222689361
1997-11-14,9.954114386467417
1997-11-17,9.937836745412802
1997-11-18,9.936277896516227
1997-11-19,9.94311729158895
1997-11-20,9.958555388528273
1997-11-21,9.954733526795508
1997-11-24,9.946809338186704
1997-11-25,9.924935300005325
1997-11-26,9.931405898163808
1997-12-01,9.941077977668577
1997-12-02,9.931316084926328
1997-12-03,9.946527376332687
1997-12-04,9.938612182870099
1997-12-05,9.931684664303225
1997-12-08,9.939046385750261
1997-12-09,9.934419403971766
1997-12-10,9.935095927735869
1997-12-11,9.937489345057314
1997-12-12,9.927667989485093
1997-12-15,9.894960005179897
1997-12-16,9.85107243984026
1997-12-17,9.801877679956265
1997-12-18,9.847469591844497
1997-12-19,9.846032880808915
1997-12-22,9.823412951780968
1997-12-23,9.812827909487657
1997-12-24,9.82771274369291
1997-12-26,9.86253254421972
1997-12-29,9.900353036751683
1997-12-30,9.889962907617255
1997-12-31,9.926693336933274
1998-01-02,9.9171262256886
1998-01-05,9.917545969046108
1998-01-06,9.918089298956918
1998-01-07,9.900304158248396
1998-01-08,9.933754529709828
1998-01-09,9.951349986078911
1998-01-12,9.981448222156141
1998-01-13,10.02474595066908
1998-01-14,10.079091090090813
1998-01-15,10.084729514540106
1998-01-16,10.116454738045137
1998-01-20,10.077939635246716
1998-01-21,10.040828384493194
1998-01-22,10.0612620962518
1998-01-23,10.071387419845642
1998-01-26,10.043763145268015
1998-01-27,10.058106514739713
1998-01-28,10.047968644099994
1998-01-29,10.052196744912257
1998-01-30,10.058595604347591
1998-02-02,10.069117148689617
1998-02-03,10.084445458441728
1998-02-04,10.070735502005034
1998-02-05,10.08493163371576
1998-02-06,10.079675405369205
1998-02-09,10.08186401992476
1998-02-10,10.062709543703768
1998-02-11,10.061871949997741
1998-02-12,10.067580182653488
1998-02-13,10.077336220337122
1998-02-17,10.079804533551274
1998-02-18,10.057049861479067
1998-02-19,10.039928469656765
1998-02-20,10.054832603264595
1998-02-23,10.051342419395747
1998-02-24,10.053770036132752
1998-02-25,10.061462935196264
1998-02-26,10.090114111336524
1998-02-27,10.068430188859212
1998-03-02,10.033290010796044
1998-03-03,10.056728104936631
1998-03-04,10.061067438323661
1998-03-05,10.074383175723796
1998-03-06,10.058848027011798
1998-03-09,10.065476566352576
1998-03-10,10.090514634378398
1998-03-11,10.11530076091273
1998-03-12,10.127265992828072
1998-03-13,10.13519064135287
1998-03-16,10.161960734141216
1998-03-17,10.196711571175586
1998-03-18,10.125813083117556
1998-03-19,10.14591361795543
1998-03-20,10.134507143577032
1998-03-23,10.15414523348886
1998-03-24,10.195822621762272
1998-03-25,10.206314053813347
1998-03-26,10.14819573636859
1998-03-27,10.197725290428167
1998-03-30,10.152968518455438
1998-03-31,10.139649777233949
1998-04-01,10.14756975299032
1998-04-02,10.150938429032617
1998-04-03,10.154986755241765
1998-04-06,10.172427782936975
1998-04-07,10.157997832370906
1998-04-08,10.163478664231466
1998-04-09,10.184707823855986
1998-04-13,10.187972269759603
1998-04-14,10.226214529946944
1998-04-15,10.250874425317976
1998-04-16,10.2076713776534
1998-04-17,10.213502581664264
1998-04-20,10.216842822193117
1998-04-21,10.254721901371541
1998-04-22,10.289146725762867
1998-04-23,10.329680986940607
1998-04-24,10.343178133168362
1998-04-27,10.32641398069346
1998-04-28,10.29251488241767
1998-04-29,10.308387276467558
1998-04-30,10.312017303659873
1998-05-01,10.32195879019794
1998-05-04,10.299939477015567
1998-05-05,10.290116696822901
1998-05-06,10.31917690437752
1998-05-07,10.31471714132754
1998-05-08,10.30486369072396
1998-05-11,10.275872527116793
1998-05-12,10.303523328774656
1998-05-13,10.426297278276287
1998-05-14,10.531834743011094
1998-05-15,10.487362282788611
1998-05-18,10.59850475633693
1998-05-19,10.518633634590852
1998-05-20,10.583566999219515
1998-05-21,10.401183301350107
1998-05-22,10.464650612010017
1998-05-26,10.32357819980325
1998-05-27,10.327683001169515
1998-05-28,10.269980617866993
1998-05-29,10.172001832286522
1998-06-01,10.224688431136085
1998-06-02,10.167848545007576
1998-06-03,10.129017334111582
1998-06-04,10.121035157317634
1998-06-05,10.249373777390467
1998-06-08,10.226620951881591
1998-06-09,10.267650707933155
1998-06-10,10.267550298411619
1998-06-11,10.172215889512568
1998-06-12,10.169344377235303
1998-06-15,10.212401332632627
1998-06-16,10.193787800996887
1998-06-17,10.199145253754574
1998-06-18,10.281364215128754
1998-06-19,10.259416544361184
1998-06-22,10.277758327308781
1998-06-23,10.262773010899929
1998-06-24,10.31890627981134
1998-06-25,10.28719684048849
1998-06-26,10.27413502133933
1998-06-29,10.273323758428141
1998-06-30,10.257554310279478
1998-07-01,10.258653093220236
1998-07-02,10.277743867421828
1998-07-06,10.26100432254373
1998-07-07,10.263205787180912
1998-07-08,10.279544190410496
1998-07-09,10.270929860970586
1998-07-10,10.278334788798796
1998-07-13,10.263686821497972
1998-07-14,10.26525017353914
1998-07-15,10.264770542544936
1998-07-16,10.293805320075688
1998-07-17,10.438320667213524
1998-07-20,10.427995369370542
1998-07-21,10.424979562943502
1998-07-22,10.361149717610171
1998-07-23,10.33950482546667
1998-07-24,10.338198439416319
1998-07-27,10.314158552371069
1998-07-28,10.315747035854987
1998-07-29,10.323134435094111
1998-07-30,10.30276198230653
1998-07-31,10.303114729259198
1998-08-03,10.321737961027553
1998-08-04,10.311201395555146
1998-08-05,10.28562962286878
1998-08-06,10.297807854513739
1998-08-07,10.294287868026025
1998-08-10,10.277853286873839
1998-08-11,10.29052498181402
1998-08-12,10.28007060565685
1998-08-13,10.27345344980082
1998-08-14,10.251172698712214
1998-08-17,10.230967589486205
1998-08-18,10.248066383922966
1998-08-19,10.237159674650885
1998-08-20,10.231269970902915
1998-08-21,10.256890736512833
1998-08-24,10.242952315738254
1998-08-25,10.257700312946655
1998-08-26,10.24677334285389
1998-08-27,10.229835120832872
1998-08-28,10.206525727900026
1998-08-31,10.197945664768117
1998-09-01,10.214861725032188
1998-09-02,10.229170693745058
1998-09-03,10.239618755453261
1998-09-04,10.257227888377729
1998-09-08,10.252475787817408
1998-09-09,10.232241441797818
1998-09-10,10.246812898260202
1998-09-11,10.283778153015264
1998-09-14,10.310474384644834
1998-09-15,10.29443069112935
1998-09-16,10.27161919066654
1998-09-17,10.26527416764436
1998-09-18,10.273489961865197
1998-09-21,10.285655023523956
1998-09-22,10.253381064228751
1998-09-23,10.231986014328054
1998-09-24,10.242987758424805
1998-09-25,10.265087713740337
1998-09-28,10.264797320757616
1998-09-29,10.27641998727575
1998-09-30,10.242387247491836
1998-10-01,10.242537966386294
1998-10-02,10.255524471630078
1998-10-05,10.250353748665605
1998-10-06,10.237136723151439
1998-10-07,10.248621465741824
1998-10-08,10.261724630964459
1998-10-09,10.246688381157512
1998-10-12,10.25205573889905
1998-10-13,10.230952527766162
1998-10-14,10.235017241489556
1998-10-15,10.230652094041575
1998-10-16,10.219123994563482
1998-10-19,10.24377992165844
1998-10-20,10.221857618625789
1998-10-21,10.21107963718051
1998-10-22,10.221129628498094
1998-10-23,10.215528736787657
1998-10-26,10.227782314763346
1998-10-27,10.221389271248881
1998-10-28,10.247655077311613
1998-10-29,10.24106429959153
1998-10-30,10.224367906683957
1998-11-02,10.227567818100034
1998-11-03,10.211351210718735
1998-11-04,10.211917261640645
1998-11-05,10.22079963733505
1998-11-06,10.22396296626961
1998-11-09,10.210047485037517
1998-11-10,10.205780506706194
1998-11-11,10.211078994620923
1998-11-12,10.215056111242328
1998-11-13,10.233486586283684
1998-11-16,10.228718229413966
1998-11-17,10.23305857899584
1998-11-18,10.241819053500695
1998-11-19,10.2855499593899
1998-11-20,10.333036960870716
1998-11-23,10.276070689392292
1998-11-24,10.232914396392486
1998-11-25,10.21531990566842
1998-11-30,10.22554904837919
1998-12-01,10.21244008348756
1998-12-02,10.207118657956274
1998-12-03,10.209559289828846
1998-12-04,10.206822438131136
1998-12-07,10.209952997474508
1998-12-08,10.203756063771397
1998-12-09,10.217801026122336
1998-12-10,10.25900602072391
1998-12-11,10.306959100815128
1998-12-14,10.279678325180452
1998-12-15,10.277696240931572
1998-12-16,10.289763631870139
1998-12-17,10.372700587523696
1998-12-18,10.394445995269715
1998-12-21,10.328638664455495
1998-12-22,10.34699542823795
1998-12-23,10.341417432137725
1998-12-24,10.342364375750828
1998-12-28,10.33703237544944
1998-12-29,10.371563143836996
1998-12-30,10.390187575705143
1998-12-31,10.395884959927605
1999-01-04,10.409341524838245
1999-01-05,10.431934566803198
1999-01-06,10.39386265687301
1999-01-07,10.364492394028481
1999-01-08,10.33804542381422
1999-01-11,10.364097884281172
1999-01-12,10.360222673699893
1999-01-13,10.35265771019326
1999-01-14,10.339250457219693
1999-01-15,10.34899102950266
1999-01-19,10.337897456832179
1999-01-20,10.381535949509246
1999-01-21,10.363836861233228
1999-01-22,10.371287070455429
1999-01-25,10.37406487696191
1999-01-26,10.386840673579233
1999-01-27,10.389843986929554
1999-01-28,10.39757383992186
1999-01-29,10.407424071603057
1999-02-01,10.419199168531035
1999-02-02,10.444146512048803
1999-02-03,10.432034790090364
1999-02-04,10.46623783528789
1999-02-05,10.498916954821423
1999-02-08,10.4432273686118
1999-02-09,10.44930380251669
1999-02-10,10.466249984966153
1999-02-11,10.481263290152516
1999-02-12,10.470802569473173
1999-02-16,10.482773172466297
1999-02-17,10.45786900397044
1999-02-18,10.441719430047907
1999-02-19,10.48713075033215
1999-02-22,10.46737493169224
1999-02-23,10.438537658612
1999-02-24,10.44163211328896
1999-02-25,10.45799800498225
1999-02-26,10.471913879044056
1999-03-01,10.460076669332521
1999-03-02,10.454593279980719
1999-03-03,10.466441303052138
1999-03-04,10.443820255611552
1999-03-05,10.44675634268577
1999-03-08,10.447934891551093
1999-03-09,10.453926515683065
1999-03-10,10.447560037317135
1999-03-11,10.44808376030532
1999-03-12,10.456663129047962
1999-03-15,10.456289909322644
1999-03-16,10.461159265488885
1999-03-17,10.460646340300071
1999-03-18,10.453367039359408
1999-03-19,10.461437935483604
1999-03-22,10.48315423786564
1999-03-23,10.482690830861223
1999-03-24,10.476201444825804
1999-03-25,10.47605882228302
1999-03-26,10.495445739728249
1999-03-29,10.512240910848005
1999-03-30,10.494397632500485
1999-03-31,10.48805926398958
1999-04-01,10.483025730242092
1999-04-05,10.470028616620093
1999-04-06,10.478241620309491
1999-04-07,10.492923826431547
1999-04-08,10.50386080263854
1999-04-09,10.483631546650809
1999-04-12,10.50091000865989
1999-04-13,10.503502427177336
1999-04-14,10.506025208386925
1999-04-15,10.507691066717424
1999-04-16,10.51130267422952
1999-04-19,10.52101951996104
1999-04-20,10.54865745790473
1999-04-21,10.556733925682652
1999-04-22,10.531889279894898
1999-04-23,10.517618763903064
1999-04-26,10.472591333733028
1999-04-27,10.458406307046252
1999-04-28,10.46398979926878
1999-04-29,10.41290841615875
1999-04-30,10.43675991412644
1999-05-03,10.321615371528166
1999-05-04,10.291604552286122
1999-05-05,10.263671876416893
1999-05-06,10.290547431664296
1999-05-07,10.358032029186882
1999-05-10,10.4282640903822
1999-05-11,10.395105671432264
1999-05-12,10.412982289495837
1999-05-13,10.42420488424109
1999-05-14,10.440253204375145
1999-05-17,10.440671282745908
1999-05-18,10.43239752429066
1999-05-19,10.435866198097283
1999-05-20,10.418259795494185
1999-05-21,10.393431086765675
1999-05-24,10.428219262325717
1999-05-25,10.411575103424179
1999-05-26,10.429924125010526
1999-05-27,10.438616563440366
1999-05-28,10.437778099194832
1999-06-01,10.433294626033407
1999-06-02,10.437635246795937
1999-06-03,10.444145726591868
1999-06-04,10.439302133848694
1999-06-07,10.44556234786616
1999-06-08,10.449818787291683
1999-06-09,10.455292212031566
1999-06-10,10.466171363804856
1999-06-11,10.463048983274797
1999-06-14,10.443984861927436
1999-06-15,10.42018897823929
1999-06-16,10.425652949104323
1999-06-17,10.422905509896125
1999-06-18,10.42941038161933
1999-06-21,10.436970755548671
1999-06-22,10.414716240776961
1999-06-23,10.410722959234981
1999-06-24,10.390380888217216
1999-06-25,10.406121371442243
1999-06-28,10.402818916807758
1999-06-29,10.393682429557677
1999-06-30,10.380240166102478
1999-07-01,10.371603714820486
1999-07-02,10.37668704114126
1999-07-06,10.36569725988861
1999-07-07,10.355183926952781
1999-07-08,10.377807289207812
1999-07-09,10.408815073840966
1999-07-12,10.40534783108782
1999-07-13,10.417365731510502
1999-07-14,10.432558903193607
1999-07-15,10.445377965566825
1999-07-16,10.421365739015547
1999-07-19,10.424191661725072
1999-07-20,10.423262581883787
1999-07-21,10.42750724188911
1999-07-22,10.437097625569752
1999-07-23,10.43984434743478
1999-07-26,10.443753639947753
1999-07-27,10.443436527196475
1999-07-28,10.425484386505635
1999-07-29,10.43117218372643
1999-07-30,10.441892128746659
1999-08-02,10.425823802284992
1999-08-03,10.41092026348113
1999-08-04,10.421751221289092
1999-08-05,10.442924104845336
1999-08-06,10.428347311586975
1999-08-09,10.455834954212632
1999-08-10,10.446308436687428
1999-08-11,10.437912644055173
1999-08-12,10.438382663145875
1999-08-13,10.44148354553508
1999-08-16,10.42790398136001
1999-08-17,10.42473628234207
1999-08-18,10.429784897965115
1999-08-19,10.43558114933421
1999-08-20,10.446490270972875
1999-08-23,10.447938925338311
1999-08-24,10.450796921150397
1999-08-25,10.43796873794652
1999-08-26,10.436528897931824
1999-08-27,10.429888892428016
1999-08-30,10.420314937802582
1999-08-31,10.427180611259685
1999-09-01,10.438464845855218
1999-09-02,10.44392305911276
1999-09-03,10.472821925906464
1999-09-07,10.467348513094036
1999-09-08,10.482192544651037
1999-09-09,10.467342082373628
1999-09-10,10.49613356687384
1999-09-13,10.49592179911384
1999-09-14,10.512616767158079
1999-09-15,10.51618905370358
1999-09-16,10.506906783044116
1999-09-17,10.517448599949638
1999-09-20,10.496683435740128
1999-09-21,10.493924964096447
1999-09-22,10.50814047026757
1999-09-23,10.506216948541866
1999-09-24,10.49879833985616
1999-09-27,10.48274076542388
1999-09-28,10.499906768370131
1999-09-29,10.54108317867256
1999-09-30,10.575989346002041
1999-10-01,10.508246206136157
1999-10-04,10.535834259328244
1999-10-05,10.56813540741013
1999-10-06,10.553277114850031
1999-10-07,10.546957112182985
1999-10-08,10.569444650267126
1999-10-11,10.559080998990778
1999-10-12,10.573559486937306
1999-10-13,10.576148353967412
1999-10-14,10.54766491848811
1999-10-15,10.536511839311286
1999-10-18,10.53682237645945
1999-10-19,10.528924638047995
1999-10-20,10.54245425781014
1999-10-21,10.56479066364236
1999-10-22,10.554608661855312
1999-10-25,10.573531635955602
1999-10-26,10.576265115020234
1999-10-27,10.57299865968295
1999-10-28,10.571086769330043
1999-10-29,10.570962217265265
1999-11-01,10.578037416618008
1999-11-02,10.57230915432969
1999-11-03,10.569928507049122
1999-11-04,10.574094500643042
1999-11-05,10.580963782175585
1999-11-08,10.583598168466356
1999-11-09,10.584697232591504
1999-11-10,10.60252831544171
1999-11-11,10.628873396391263
1999-11-12,10.62762680073572
1999-11-15,10.629304439848259
1999-11-16,10.628811552144523
1999-11-17,10.609097858303969
1999-11-18,10.618022743668204
1999-11-19,10.58665996989486
1999-11-22,10.584232122079019
1999-11-23,10.596554667062074
1999-11-24,10.601015449390747
1999-11-29,10.596355365691974
1999-11-30,10.582173013562635
1999-12-01,10.581385142995758
1999-12-02,10.579341723885596
1999-12-03,10.593414269716282
1999-12-06,10.598501091945552
1999-12-07,10.620495292039779
1999-12-08,10.612406754452019
1999-12-09,10.616233301909485
1999-12-10,10.613004552836715
1999-12-13,10.638868231893344
1999-12-14,10.654317211979428
1999-12-15,10.668893986963246
1999-12-16,10.668070662605645
1999-12-17,10.689117235611079
1999-12-20,10.69765749687112
1999-12-21,10.690963029132877
1999-12-22,10.6874134251889
1999-12-23,10.692931025658064
1999-12-27,10.69872579711341
1999-12-28,10.710452714747511
1999-12-29,10.710152122364905
1999-12-30,10.723171926395693
2000-01-04,10.709209079272474
2000-01-05,10.690295147761748
2000-01-06,10.684755898042573
2000-01-07,10.678011621817891
2000-01-10,10.699353063409749
2000-01-11,10.717543711557234
2000-01-12,10.710242337395714
2000-01-13,10.71594160318639
2000-01-14,10.703341819124615
2000-01-18,10.68993568776899
2000-01-19,10.6856016349271
2000-01-20,10.695536314339192
2000-01-21,10.715930498999198
2000-01-24,10.727295316145641
2000-01-25,10.75687401741177
2000-01-26,10.774447646044356
2000-01-27,10.757489311592972
2000-01-28,10.783286669030511
2000-01-31,10.787943182965671
2000-02-01,10.785009358196948
2000-02-02,10.802542738268967
2000-02-03,10.822432896501843
2000-02-04,10.846006468499445
2000-02-07,10.867226598500036
2000-02-08,10.897998216065748
2000-02-09,10.971353096592013
2000-02-10,10.984987020409951
2000-02-11,10.964830633199538
2000-02-14,11.001395722682494
2000-02-15,11.010816510714697
2000-02-16,11.07662068425722
2000-02-17,11.1443906278537
2000-02-18,11.1210230099646
2000-02-22,11.119303313654175
2000-02-23,11.288248769743108
2000-02-24,11.115673162580558
2000-02-25,11.105108164244731
2000-02-28,11.094692827681756
2000-02-29,11.15477236870937
2000-03-01,11.128036847973497
2000-03-02,11.129891525711535
2000-03-03,11.093351512731731
2000-03-06,11.080611925075683
2000-03-07,11.081059745852219
2000-03-08,11.106091020854468
2000-03-09,11.13657911831326
2000-03-10,11.101208363511148
2000-03-13,11.127129076730927
2000-03-14,11.096838854946128
2000-03-15,11.108075004361764
2000-03-16,11.119870738944206
2000-03-17,11.139065016097426
2000-03-20,11.142665034021995
2000-03-21,11.122978629227562
2000-03-22,11.087752369751332
2000-03-23,11.0847403266706
2000-03-24,11.06854769689021
2000-03-27,11.028811476582936
2000-03-28,11.025197611987835
2000-03-29,11.026477477884285
2000-03-30,11.016698403101474
2000-03-31,11.00468281590264
2000-04-03,10.992399162804517
2000-04-04,10.968718564845052
2000-04-05,10.988824489356087
2000-04-06,10.993597698203192
2000-04-07,10.975902521239698
2000-04-10,10.964267941610569
2000-04-11,10.919970929134987
2000-04-12,10.941938327411394
2000-04-13,10.934893648610515
2000-04-14,10.932745835977308
2000-04-17,10.970385984237204
2000-04-18,10.9620655831161
2000-04-19,10.97647664877963
2000-04-20,10.956148523818792
2000-04-24,10.934676210277054
2000-04-25,10.941922330371929
2000-04-26,10.966111089008054
2000-04-27,10.957987530224592
2000-04-28,10.986916870785322
2000-05-01,11.037390304568456
2000-05-02,11.050895380658801
2000-05-03,10.997107936459935
2000-05-04,10.989450255365009
2000-05-05,10.981381237478
2000-05-08,10.976197191559619
2000-05-09,10.973922954061955
2000-05-10,10.974617518441791
2000-05-11,10.973252722093992
2000-05-12,10.9626952131641
2000-05-15,10.955932032524586
2000-05-16,10.94554104816461
2000-05-17,10.960943508274408
2000-05-18,10.954011268753169
2000-05-19,10.95820807560376
2000-05-22,10.965319248108592
2000-05-23,10.945531462074868
2000-05-24,10.955987065397252
2000-05-25,10.946081127567235
2000-05-26,10.940827199103007
2000-05-30,10.945708610954789
2000-05-31,10.955047863913544
2000-06-01,10.973042004883403
2000-06-02,10.972019815861191
2000-06-05,10.99620227998013
2000-06-06,11.035077255606026
2000-06-07,11.036093216197926
2000-06-08,11.0714074677692
2000-06-09,11.073790499062737
2000-06-12,11.074751929330532
2000-06-13,11.077464678353785
2000-06-14,11.11038388511791
2000-06-15,11.104078291282166
2000-06-16,11.115700288014997
2000-06-19,11.1168374216145
2000-06-20,11.124491800715928
2000-06-21,11.11668566036433
2000-06-22,11.125389477713673
2000-06-23,11.080945386943284
2000-06-26,11.101959020326422
2000-06-27,11.108303275293611
2000-06-28,11.086264578677074
2000-06-29,11.098517786340636
2000-06-30,11.087436666727632
2000-07-05,11.077754162421437
2000-07-06,11.039867850156408
2000-07-07,11.070962800179409
2000-07-10,11.103482356319248
2000-07-11,11.114619910315787
2000-07-12,11.116747230320609
2000-07-13,11.10369876494688
2000-07-14,11.112091120048069
2000-07-17,11.139179322827598
2000-07-18,11.170630488439835
2000-07-19,11.163121391469513
2000-07-20,11.150761721443288
2000-07-21,11.1929169585525
2000-07-24,11.233818170411624
2000-07-25,11.220437943860022
2000-07-26,11.221611179782553
2000-07-27,11.222246341463311
2000-07-28,11.219337370408526
2000-07-31,11.23588482589827
2000-08-01,11.304504197666434
2000-08-02,11.32096290675192
2000-08-03,11.334563277004012
2000-08-04,11.237690566103932
2000-08-07,11.246747611132205
2000-08-08,11.171088308589734
2000-08-09,11.248848834564818
2000-08-10,11.254736449313315
2000-08-11,11.265040911035548
2000-08-14,11.251828052882324
2000-08-15,11.212757662053242
2000-08-16,11.249189051439165
2000-08-17,11.236958495650217
2000-08-18,11.217000924147026
2000-08-21,11.20631219210267
2000-08-22,11.218544857946254
2000-08-23,11.208276345596186
2000-08-24,11.196972336971486
2000-08-25,11.184429687163544
2000-08-28,11.19066316592912
2000-08-29,11.175730195285652
2000-08-30,11.186042543879257
2000-08-31,11.173026418470899
2000-09-01,11.182803667257152
2000-09-05,11.193998305891402
2000-09-06,11.187025437253952
2000-09-07,11.213395535707074
2000-09-08,11.244731496625365
2000-09-11,11.232554303145873
2000-09-12,11.229501155513685
2000-09-13,11.250014132945253
2000-09-14,11.216211875206604
2000-09-15,11.181469157024267
2000-09-18,11.188619566957156
2000-09-19,11.169909564392738
2000-09-20,11.187932557504226
2000-09-21,11.17947293881966
2000-09-22,11.195307330297211
2000-09-25,11.20953328277246
2000-09-26,11.17621940572713
2000-09-27,11.18133935006641
2000-09-28,11.178715673605739
2000-09-29,11.166097452501159
2000-10-02,11.177260988412748
2000-10-03,11.179670164380218
2000-10-04,11.195597591611806
2000-10-05,11.203761772735028
2000-10-06,11.217473346139087
2000-10-09,11.211904062303047
2000-10-10,11.20658265996098
2000-10-11,11.206700997901418
2000-10-12,11.210499030213656
2000-10-13,11.212532745182306
2000-10-16,11.207993968921738
2000-10-17,11.209251151697423
2000-10-18,11.208880185696154
2000-10-19,11.211166982006064
2000-10-20,11.240725546235126
2000-10-23,11.237377099785506
2000-10-24,11.239571478099037
2000-10-25,11.225984673148965
2000-10-26,11.229819680044434
2000-10-27,11.231058291498206
2000-10-30,11.232481861054163
2000-10-31,11.226590918439017
2000-11-01,11.269387506433018
2000-11-02,11.259297691885713
2000-11-03,11.28308305580066
2000-11-06,11.276473223646242
2000-11-07,11.259068154747757
2000-11-08,11.264905704942674
2000-11-09,11.264739592286713
2000-11-10,11.269614385925587
2000-11-13,11.269922137210441
2000-11-14,11.258759794079525
2000-11-15,11.270737610834722
2000-11-16,11.269800583257336
2000-11-17,11.269881407163906
2000-11-20,11.267279028745099
2000-11-21,11.270211821935021
2000-11-22,11.270212665535773
2000-11-27,11.277037952539368
2000-11-28,11.280322384009935
2000-11-29,11.294706109022771
2000-11-30,11.298816808946691
2000-12-01,11.311813889643714
2000-12-04,11.338825195185596
2000-12-05,11.387008472499764
2000-12-06,11.369321700817101
2000-12-07,11.356154716394466
2000-12-08,11.409491203182915
2000-12-11,11.413493684756807
2000-12-12,11.42883619251672
2000-12-13,11.442044739277186
2000-12-14,11.397682056856802
2000-12-15,11.433409924821165
2000-12-18,11.453288896106653
2000-12-19,11.427392263421652
2000-12-20,11.390491861588933
2000-12-21,11.45002914013852
2000-12-22,11.435806211946286
2000-12-26,11.453375544461704
2000-12-27,11.444238425765382
2000-12-28,11.457707930271129
2000-12-29,11.439013531223
2001-01-02,11.447028243826795
2001-01-03,11.464885110770002
2001-01-04,11.487773474725454
2001-01-05,11.467531708271414
2001-01-08,11.48108775182899
2001-01-09,11.52668461251867
2001-01-10,11.517080395243656
2001-01-11,11.569763948715929
2001-01-12,11.525672599767585
2001-01-16,11.536026051384937
2001-01-17,11.51785896759444
2001-01-18,11.488929857569413
2001-01-19,11.52967993618705
2001-01-22,11.558050043521979
2001-01-23,11.56405357435663
2001-01-24,11.549785564603715
2001-01-25,11.538523258994587
2001-01-26,11.572429344222076
2001-01-29,11.574824968178367
2001-01-30,11.538869211037307
2001-01-31,11.556862343183287
2001-02-01,11.54579587665278
2001-02-02,11.549670920047923
2001-02-05,11.549345211511056
2001-02-06,11.57411667348923
2001-02-07,11.563450019541108
2001-02-08,11.558448316002263
2001-02-09,11.532938434672054
2001-02-12,11.503200884932765
2001-02-13,11.475033417893883
2001-02-14,11.497316340326444
2001-02-15,11.48724124245943
2001-02-16,11.498223669131011
2001-02-20,11.491220842754077
2001-02-21,11.485166388709628
2001-02-22,11.442856546073696
2001-02-23,11.396033053751763
2001-02-26,11.352697835807511
2001-02-27,11.357048399201965
2001-02-28,11.355571743782345
2001-03-01,11.339206794687044
2001-03-02,11.28472282363455
2001-03-05,11.24242586360777
2001-03-06,11.258448071528887
2001-03-07,11.253161078043286
2001-03-08,11.287358675861908
2001-03-09,11.317910035945358
2001-03-12,11.303197213647495
2001-03-13,11.263307363436299
2001-03-14,11.276117836624513
2001-03-15,11.290066531081417
2001-03-16,11.29024755561748
2001-03-19,11.303021482455579
2001-03-20,11.298568364503423
2001-03-21,11.28407255926668
2001-03-22,11.268866071246679
2001-03-23,11.259044066438737
2001-03-26,11.264067582982893
2001-03-27,11.255254244530256
2001-03-28,11.2518164160037
2001-03-29,11.234680418867816
2001-03-30,11.206116751137152
2001-04-02,11.217340701332063
2001-04-03,11.188833202495502
2001-04-04,11.148882310793155
2001-04-05,11.150855117615968
2001-04-06,11.132362435411576
2001-04-09,11.145900978431262
2001-04-10,11.136466481271128
2001-04-11,11.12251450584016
2001-04-12,11.107561949850954
2001-04-16,11.092246223458579
2001-04-17,11.103725156988302
2001-04-18,11.255096727189532
2001-04-19,11.203760660702107
2001-04-20,11.157887723047722
2001-04-23,11.163851618559466
2001-04-24,11.185195858259894
2001-04-25,11.168493685616953
2001-04-26,11.166284111683227
2001-04-27,11.156423915464721
2001-04-30,11.137227051523626
2001-05-01,11.138064349303228
2001-05-02,11.122383494053002
2001-05-03,11.11694716093854
2001-05-04,11.114114270579318
2001-05-07,11.126986432767536
2001-05-08,11.111963610752799
2001-05-09,11.116429550985258
2001-05-10,11.117412734615618
2001-05-11,11.096806149583236
2001-05-14,11.090557288290324
2001-05-15,11.042546867242754
2001-05-16,11.072041665212186
2001-05-17,11.070254341768813
2001-05-18,11.089568902595174
2001-05-21,11.08731001812506
2001-05-22,11.091417102158205
2001-05-23,11.087139852256366
2001-05-24,11.077383485496094
2001-05-25,11.097943177998758
2001-05-29,11.105179587007507
2001-05-30,11.104756675750295
2001-05-31,11.084769695946926
2001-06-01,11.072186865297283
2001-06-04,11.065454057130763
2001-06-05,11.065860196099612
2001-06-06,11.056210131809769
2001-06-07,11.041350294694388
2001-06-08,11.03247443151973
2001-06-11,11.035669297217058
2001-06-12,11.028996498754605
2001-06-13,11.009944468410737
2001-06-14,11.003916168458796
2001-06-15,11.010352554085436
2001-06-18,11.018447422823861
2001-06-19,11.023960696848766
2001-06-20,11.027949964018886
2001-06-21,11.04824118065496
2001-06-22,11.035588325510833
2001-06-25,11.03064053824914
2001-06-26,11.024035483309131
2001-06-27,11.02100169352936
2001-06-28,11.01421898641127
2001-06-29,10.9917344062069
2001-07-02,11.001982843336098
2001-07-03,11.004040250751169
2001-07-05,10.97801704459208
2001-07-06,10.974265205392529
2001-07-09,10.961711861200277
2001-07-10,10.961350135170056
2001-07-11,10.93858531812325
2001-07-12,10.941711789301044
2001-07-13,10.942264739282129
2001-07-16,10.922699794622051
2001-07-17,10.904886476176895
2001-07-18,10.866632660608415
2001-07-19,10.86019143767226
2001-07-20,10.842386914410588
2001-07-23,10.773274500821103
2001-07-24,10.769632207399328
2001-07-25,10.763702874763098
2001-07-26,10.755633129323817
2001-07-27,10.74707078317512
2001-07-30,10.723597208312528
2001-07-31,10.68303117994701
2001-08-01,10.743926848969556
2001-08-02,10.758776146921546
2001-08-03,10.785743452730465
2001-08-06,10.794230171351943
2001-08-07,10.756678967271187
2001-08-08,10.70012058757655
2001-08-09,10.70171162957845
2001-08-10,10.725629534858719
2001-08-13,10.771903895927872
2001-08-14,10.761828988145377
2001-08-15,10.71154313567882
2001-08-16,10.691030491856317
2001-08-17,10.700268220564208
2001-08-20,10.71564306236934
2001-08-21,10.702857211810965
2001-08-22,10.708921670847124
2001-08-23,10.721676723564904
2001-08-24,10.70486346654657
2001-08-27,10.720068671891694
2001-08-28,10.714091658019592
2001-08-29,10.773896654768158
2001-08-30,10.767928283181794
2001-08-31,10.698154568738527
2001-09-04,10.728495614926269
2001-09-05,10.733145059092188
2001-09-06,10.749396534849216
2001-09-07,10.731457952877507
2001-09-10,10.72497333235087
2001-09-11,10.735784712788815
2001-09-14,10.734322364235695
2001-09-17,10.734929956660116
2001-09-18,10.760446093208834
2001-09-19,10.758380651675528
2001-09-20,10.747075342245298
2001-09-21,10.715016613160905
2001-09-24,10.695886887907585
2001-09-25,10.670215381007068
2001-09-26,10.646889888200391
2001-09-27,10.577784797867366
2001-09-28,10.543332984946916
2001-10-01,10.477843686917977
2001-10-02,10.379550877424752
2001-10-03,10.423955801895076
2001-10-04,10.445422907873494
2001-10-05,10.43704450441982
2001-10-08,10.458916330868856
2001-10-09,10.451908151324618
2001-10-10,10.439290771964844
2001-10-11,10.450509865055889
2001-10-12,10.471581619669074
2001-10-15,10.481216172397701
2001-10-16,10.493197603735199
2001-10-17,10.421475911617955
2001-10-18,10.413004878329195
2001-10-19,10.395732327163431
2001-10-22,10.374910110358961
2001-10-23,10.369090506976226
2001-10-24,10.39179809184023
2001-10-25,10.366545343562548
2001-10-26,10.37812975404808
2001-10-29,10.451014564749274
2001-10-30,10.455529830679051
2001-10-31,10.39883453462979
2001-11-01,10.358097336503436
2001-11-02,10.36513401647671
2001-11-05,10.426497101513453
2001-11-06,10.394193628182535
2001-11-07,10.38970403404469
2001-11-08,10.389348712057428
2001-11-09,10.392805454210414
2001-11-12,10.390669041677768
2001-11-13,10.424836220860433
2001-11-14,10.350592882489975
2001-11-15,10.37262285323758
2001-11-16,10.394220942813819
2001-11-19,10.445415160629418
2001-11-20,10.430098113421508
2001-11-21,10.402182396434236
2001-11-26,10.421545840254675
2001-11-27,10.412910426078584
2001-11-28,10.423808960375757
2001-11-29,10.425886477799727
2001-11-30,10.42168143786269
2001-12-03,10.471739977703548
2001-12-04,10.501104702935185
2001-12-05,10.51234707222284
2001-12-06,10.524508256575121
2001-12-07,10.587952490799623
2001-12-10,10.648027007090704
2001-12-11,10.670329002481918
2001-12-12,10.585721567210504
2001-12-13,10.521446795800255
2001-12-14,10.569778385827785
2001-12-17,10.601650068556062
2001-12-18,10.619202672626393
2001-12-19,10.60563634651371
2001-12-20,10.591907935650044
2001-12-21,10.586546454354641
2001-12-26,10.629025986568262
2001-12-27,10.659116093724313
2001-12-28,10.686751807593462
2001-12-31,10.717643140935932
2002-01-02,10.709520089470859
2002-01-03,10.6875437256579
2002-01-04,10.68071344639484
2002-01-07,10.65598107625165
2002-01-08,10.655444446535551
2002-01-09,10.674214385147918
2002-01-10,10.682109990160802
2002-01-11,10.684916912497853
2002-01-14,10.67623072067961
2002-01-15,10.668308585346537
2002-01-16,10.62647800229213
2002-01-17,10.662154903286146
2002-01-18,10.645206756171937
2002-01-22,10.63217393408833
2002-01-23,10.586795770811301
2002-01-24,10.55057244458831
2002-01-25,10.551246438469233
2002-01-28,10.569366132711608
2002-01-29,10.533428848190985
2002-01-30,10.520176056064043
2002-01-31,10.52624450811062
2002-02-01,10.515074191905903
2002-02-04,10.519692007726578
2002-02-05,10.531332273503994
2002-02-06,10.526640966113169
2002-02-07,10.520671370676197
2002-02-08,10.537173080837594
2002-02-11,10.528850172244967
2002-02-12,10.520767172891604
2002-02-13,10.527977101622936
2002-02-14,10.586421722091766
2002-02-15,10.560513190724283
2002-02-19,10.539921459656025
2002-02-20,10.531527244031883
2002-02-21,10.517393226663579
2002-02-22,10.530747576031239
2002-02-25,10.511935673251141
2002-02-26,10.530453866054641
2002-02-27,10.543801656502122
2002-02-28,10.549056251852782
2002-03-01,10.515670513999329
2002-03-04,10.529172454373596
2002-03-05,10.52524114213257
2002-03-06,10.49508098807067
2002-03-07,10.497566783446889
2002-03-08,10.502490597976397
2002-03-11,10.534956120751408
2002-03-12,10.53252585654813
2002-03-13,10.521371792110903
2002-03-14,10.497117307370507
2002-03-15,10.513383695702593
2002-03-18,10.516898651874985
2002-03-19,10.532354309203772
2002-03-20,10.532537638498702
2002-03-21,10.542055193613429
2002-03-22,10.538613793020467
2002-03-25,10.550424430180325
2002-03-26,10.596973401086018
2002-03-27,10.574111684680561
2002-03-28,10.566685636154562
2002-04-01,10.569309098869246
2002-04-02,10.574132810650736
2002-04-03,10.571257733475132
2002-04-04,10.510378118278064
2002-04-05,10.49134646521355
2002-04-08,10.498120404715744
2002-04-09,10.500158497776622
2002-04-10,10.50305579369473
2002-04-11,10.507403255394868
2002-04-12,10.53381489183121
2002-04-15,10.51625379219349
2002-04-16,10.516247148178547
2002-04-17,10.518326733739121
2002-04-18,10.51585659267336
2002-04-19,10.544258462291003
2002-04-22,10.527820101104155
2002-04-23,10.519055789939245
2002-04-24,10.522111668583362
2002-04-25,10.521557736528633
2002-04-26,10.508770591180472
2002-04-29,10.510563856936566
2002-04-30,10.497164320752939
2002-05-01,10.475336547088194
2002-05-02,10.464681867886563
2002-05-03,10.456207153229075
2002-05-06,10.468163302629224
2002-05-07,10.479329743668242
2002-05-08,10.487188454335351
2002-05-09,10.489036474192547
2002-05-10,10.466821201499613
2002-05-13,10.47620055210739
2002-05-14,10.457744496178023
2002-05-15,10.474406019273209
2002-05-16,10.520781019028723
2002-05-17,10.518605153486407
2002-05-20,10.533349202085532
2002-05-21,10.556630459107934
2002-05-22,10.512506355005527
2002-05-23,10.490817135466001
2002-05-24,10.47164176381464
2002-05-28,10.465141738454836
2002-05-29,10.482647260890142
2002-05-30,10.473213059447923
2002-05-31,10.470759150352674
2002-06-03,10.455591222329504
2002-06-04,10.471689201112747
2002-06-05,10.473769432624144
2002-06-06,10.459533175261681
2002-06-07,10.474284083667904
2002-06-10,10.465953492771261
2002-06-11,10.457669532769177
2002-06-12,10.442015738834277
2002-06-13,10.410581000060384
2002-06-14,10.410486530310694
2002-06-17,10.418621686189843
2002-06-18,10.416122819437836
2002-06-19,10.418435574860617
2002-06-20,10.416182706759258
2002-06-21,10.411788546186068
2002-06-24,10.395774282916204
2002-06-25,10.38238384761847
2002-06-26,10.378167126043532
2002-06-27,10.380306533414405
2002-06-28,10.361040656887814
2002-07-01,10.371672562732464
2002-07-02,10.374084088371298
2002-07-03,10.369838885797177
2002-07-08,10.370697982353207
2002-07-09,10.385509227194541
2002-07-10,10.390512770261996
2002-07-11,10.39630784594183
2002-07-12,10.395159431532562
2002-07-15,10.36931538195879
2002-07-16,10.36892247016794
2002-07-17,10.384041475288383
2002-07-18,10.379141336945807
2002-07-19,10.385720849061032
2002-07-22,10.386284124202815
2002-07-23,10.358053627356316
2002-07-24,10.3731431093161
2002-07-25,10.381412111611992
2002-07-26,10.41506769362509
2002-07-29,10.418745568268248
2002-07-30,10.411041149960264
2002-07-31,10.364059612062785
2002-08-01,10.373827459400372
2002-08-02,10.361404445400009
2002-08-05,10.366301621899886
2002-08-06,10.38231830008006
2002-08-07,10.37629647493895
2002-08-08,10.373816622736248
2002-08-09,10.387054186984352
2002-08-12,10.375603796253715
2002-08-13,10.38669084793377
2002-08-14,10.388250170087309
2002-08-15,10.391671308847519
2002-08-16,10.382959567661185
2002-08-19,10.368762042124029
2002-08-20,10.382573437440367
2002-08-21,10.379773261310527
2002-08-22,10.368881987122494
2002-08-23,10.379857716649
2002-08-26,10.383100386207252
2002-08-27,10.42700336137909
2002-08-28,10.516242480577722
2002-08-29,10.43520112723436
2002-08-30,10.43663765557726
2002-09-03,10.386321723158012
2002-09-04,10.386206286142425
2002-09-05,10.380806887193286
2002-09-06,10.391285683597298
2002-09-09,10.412754559164139
2002-09-10,10.414784009329393
2002-09-11,10.402641707057077
2002-09-12,10.408946654256239
2002-09-13,10.413142383123732
2002-09-16,10.433929711231343
2002-09-17,10.415153530018259
2002-09-18,10.422760138270087
2002-09-19,10.421105939617961
2002-09-20,10.414158297216026
2002-09-23,10.406525999258724
2002-09-24,10.40441540595203
2002-09-25,10.40323052934577
2002-09-26,10.386958978458496
2002-09-27,10.368965198042421
2002-09-30,10.356367619687296
2002-10-01,10.373980693791951
2002-10-02,10.368307596385224
2002-10-03,10.398783632526055
2002-10-04,10.361172302684619
2002-10-07,10.36148909317093
2002-10-08,10.359500822391933
2002-10-09,10.364182899502426
2002-10-10,10.38750793948281
2002-10-11,10.37126051554823
2002-10-14,10.379994018585002
2002-10-15,10.367174657543574
2002-10-16,10.381233652565678
2002-10-17,10.370736936336716
2002-10-18,10.380494918590038
2002-10-21,10.369012097895666
2002-10-22,10.38029275214924
2002-10-23,10.380387110685538
2002-10-24,10.35763034008542
2002-10-25,10.341191694942275
2002-10-28,10.348148773977792
2002-10-29,10.356786264139041
2002-10-30,10.36264141333354
2002-10-31,10.34791967642427
2002-11-01,10.343250047478842
2002-11-04,10.341314446452374
2002-11-05,10.352242770790356
2002-11-06,10.35987738436782
2002-11-07,10.350488378182853
2002-11-08,10.335935296512075
2002-11-11,10.317170093544686
2002-11-12,10.26474200438333
2002-11-13,10.261331298889953
2002-11-14,10.262084020131672
2002-11-15,10.290716004022583
2002-11-18,10.281408977022027
2002-11-19,10.24469451151489
2002-11-20,10.232425315584353
2002-11-21,10.238929769954883
2002-11-22,10.240328505714642
2002-11-25,10.198523763887986
2002-11-26,10.168727567903177
2002-11-27,10.19417730482173
2002-12-02,10.188413299167904
2002-12-03,10.180697143490166
2002-12-04,10.177614643488035
2002-12-05,10.140338585194788
2002-12-06,10.115615512409875
2002-12-09,10.136486913630227
2002-12-10,10.12079410764181
2002-12-11,10.12015835317155
2002-12-12,10.10460652591613
2002-12-13,10.100818319165764
2002-12-16,10.082041343753756
2002-12-17,10.085739510930434
2002-12-18,10.102900153646601
2002-12-19,10.122885887748806
2002-12-20,10.076785799118383
2002-12-23,10.03525499664948
2002-12-24,10.04597155532144
2002-12-26,10.07081076476155
2002-12-27,10.059868507006078
2002-12-30,10.087742454975674
2002-12-31,10.08222893322934
2003-01-02,10.078394521736671
2003-01-03,10.088851886677286
2003-01-06,10.095309933246607
2003-01-07,10.111239687618852
2003-01-08,10.093208663868971
2003-01-09,10.181559026533224
2003-01-10,10.181921273095941
2003-01-13,10.208290354573842
2003-01-14,10.136194232523573
2003-01-15,10.127100206270256
2003-01-16,10.106601118303173
2003-01-17,10.137225935037485
2003-01-21,10.16457168312964
2003-01-22,10.18794767304534
2003-01-23,10.218702975288315
2003-01-24,10.197101977352332
2003-01-27,10.203624019451809
2003-01-28,10.189917868037709
2003-01-29,10.196099655618683
2003-01-30,10.201535925993218
2003-01-31,10.149609340206089
2003-02-03,10.166396703407004
2003-02-04,10.202789693387482
2003-02-05,10.195613340779746
2003-02-06,10.18100353822224
2003-02-07,10.12762600255361
2003-02-10,10.130155340084265
2003-02-11,10.132486272769103
2003-02-12,10.136419532113209
2003-02-13,10.143136579910406
2003-02-14,10.148513214477873
2003-02-18,10.144310684850542
2003-02-19,10.130800320712796
2003-02-20,10.154267428131675
2003-02-21,10.143194320193535
2003-02-24,10.13249857507913
2003-02-25,10.132299475339819
2003-02-26,10.13442791231334
2003-02-27,10.133626334526983
2003-02-28,10.093054298999382
2003-03-03,10.102112391580595
2003-03-04,10.075421072725828
2003-03-05,10.085873817579131
2003-03-06,10.078540069667158
2003-03-07,10.085514292741797
2003-03-10,10.083590125001212
2003-03-11,10.102518320589102
2003-03-12,10.102369860808064
2003-03-13,10.068096811034069
2003-03-14,10.059085705031785
2003-03-17,10.06599093702786
2003-03-18,10.05679002336175
2003-03-19,10.074324204295069
2003-03-20,10.056601494665314
2003-03-21,10.04320589262615
2003-03-24,10.046497379191015
2003-03-25,9.97134008761491
2003-03-26,9.922117393710069
2003-03-27,9.87214715602503
2003-03-28,9.899266182867052
2003-03-31,9.830855785291924
2003-04-01,9.809625316923801
2003-04-02,9.80711606685688
2003-04-03,9.791375638323307
2003-04-04,9.770322875951964
2003-04-07,9.796498818578382
2003-04-08,9.75173238526539
2003-04-09,9.77909869790185
2003-04-10,9.763457922479525
2003-04-11,9.776309003022385
2003-04-14,9.748781829657291
2003-04-15,9.725881836960308
2003-04-16,9.701215541511369
2003-04-17,9.593445405129945
2003-04-21,9.644233600785144
2003-04-22,9.669028305601255
2003-04-23,9.70938594955084
2003-04-24,9.652328307747087
2003-04-25,9.664649832265049
2003-04-28,9.609725732950878
2003-04-29,9.618010993688966
2003-04-30,9.635288545183176
2003-05-01,9.660718713382254
2003-05-02,9.630249425476087
2003-05-05,9.645710767084818
2003-05-06,9.649520920436935
2003-05-07,9.686940584728712
2003-05-08,9.701137901075363
2003-05-09,9.693813803686258
2003-05-12,9.643627248871772
2003-05-13,9.678236564078476
2003-05-14,9.670702676471743
2003-05-15,9.672410593702342
2003-05-16,9.676941978834183
2003-05-19,9.681323390039369
2003-05-20,9.724244199452285
2003-05-21,9.760125659587152
2003-05-22,9.802029611038979
2003-05-23,9.748835418924559
2003-05-27,9.828172876896565
2003-05-28,9.903529924097501
2003-05-29,9.807942466749791
2003-05-30,9.809446575388845
2003-06-02,9.828446165184202
2003-06-03,9.840750826827998
2003-06-04,9.870517736295387
2003-06-05,9.848051582678856
2003-06-06,9.832846819161354
2003-06-09,9.774367563976885
2003-06-10,9.754417200172275
2003-06-11,9.796968611956
2003-06-12,9.766119114226715
2003-06-13,9.820506627187493
2003-06-16,9.835729521622575
2003-06-17,9.825671392464335
2003-06-18,9.770074886984904
2003-06-19,9.798098365997753
2003-06-20,9.786811623020961
2003-06-23,9.803032052879148
2003-06-24,9.799856591654667
2003-06-25,9.787989418540631
2003-06-26,9.817613188777885
2003-06-27,9.7860006921798
2003-06-30,9.779496945222258
2003-07-01,9.814054021919436
2003-07-02,9.855403482018243
2003-07-03,9.83607655761672
2003-07-07,9.845460829330285
2003-07-08,9.81056351366345
2003-07-09,9.792951019602217
2003-07-10,9.754356060090482
2003-07-11,9.782843855241918
2003-07-14,9.774797307589365
2003-07-15,9.781759213215002
2003-07-16,9.767959121573949
2003-07-17,9.7516282787906
2003-07-18,9.734070209875101
2003-07-21,9.732017227974364
2003-07-22,9.730198437116755
2003-07-23,9.715739104928982
2003-07-24,9.730173100450259
2003-07-25,9.737829818304352
2003-07-28,9.724978737963493
2003-07-29,9.770446248221948
2003-07-30,9.794285665360924
2003-07-31,9.779972153888899
2003-08-01,9.816750194395652
2003-08-04,9.830405804668683
2003-08-05,9.81819064081642
2003-08-06,9.785172023935498
2003-08-07,9.78707141531555
2003-08-08,9.802101815040919
2003-08-11,9.790752974776233
2003-08-12,9.817339682612689
2003-08-13,9.775033290132336
2003-08-14,9.75968833686662
2003-08-15,9.808411892692787
2003-08-18,9.817481310600794
2003-08-19,9.80234547699158
2003-08-20,9.805315963009406
2003-08-21,9.846248243477742
2003-08-22,9.835695931150667
2003-08-25,9.887053280936295
2003-08-26,9.902142660977837
2003-08-27,9.949393897445825
2003-08-28,9.94168494054988
2003-08-29,9.926915319409323
2003-09-02,9.923476616287909
2003-09-03,9.91199527601757
2003-09-04,9.9177934453601
2003-09-05,9.95041459739492
2003-09-08,10.021246328991138
2003-09-09,10.062769552647586
2003-09-10,10.054489705201185
2003-09-11,9.991599669009371
2003-09-12,9.995765378060682
2003-09-15,9.9729536573029
2003-09-16,9.932030127886913
2003-09-17,10.02914795581242
2003-09-18,9.979503591283686
2003-09-19,9.985055361424731
2003-09-22,10.017721069055446
2003-09-23,9.996404854551155
2003-09-24,9.989853713741748
2003-09-25,10.015754403656686
2003-09-26,9.98639619148456
2003-09-29,9.955633559155451
2003-09-30,9.944833574565177
2003-10-01,9.983986993459741
2003-10-02,9.968612540134588
2003-10-03,9.96183502687759
2003-10-06,9.952590355271525
2003-10-07,9.957178956279396
2003-10-08,9.927023429134328
2003-10-09,9.984897211264492
2003-10-10,9.957359409363644
2003-10-13,9.954995449764727
2003-10-14,9.949849870505185
2003-10-15,9.931358095056893
2003-10-16,9.849706320817889
2003-10-17,9.871731050051451
2003-10-20,9.88597858091702
2003-10-21,9.890755533789726
2003-10-22,9.899652232525352
2003-10-23,9.914332727532832
2003-10-24,9.916569282628506
2003-10-27,9.890802654385526
2003-10-28,9.900662019898219
2003-10-29,9.902899637273135
2003-10-30,9.941655104760505
2003-10-31,9.949213010790263
2003-11-03,9.943245828003334
2003-11-04,9.954473616221446
2003-11-05,9.942179231798162
2003-11-06,9.945665598661702
2003-11-07,9.931729134472818
2003-11-10,9.933958557063798
2003-11-11,9.922314897795777
2003-11-12,9.896883952495818
2003-11-13,9.899433506943447
2003-11-14,9.918358198315834
2003-11-17,9.919001798620148
2003-11-18,9.895919471246412
2003-11-19,9.925595370697327
2003-11-20,9.890119972040512
2003-11-21,9.885803130707297
2003-11-24,9.890423186252603
2003-11-25,9.870540402837996
2003-11-26,9.856888365589555
2003-12-01,9.856751348847956
2003-12-02,9.858303315276197
2003-12-03,9.879936210968856
2003-12-04,9.87174040363615
2003-12-05,9.909817110903292
2003-12-08,9.919576504492678
2003-12-09,9.950329193861435
2003-12-10,9.980055651667906
2003-12-11,9.96027677907398
2003-12-12,9.948858799966022
2003-12-15,9.965292760068044
2003-12-16,9.940196066492453
2003-12-17,9.922512118460519
2003-12-18,9.924503939646193
2003-12-19,9.907935438552125
2003-12-22,9.902636758746578
2003-12-23,9.923171127727812
2003-12-24,9.941101643202362
2003-12-29,9.939462701462059
2003-12-30,9.923390979422372
2003-12-31,9.910357675168019
2004-01-05,9.88979602226813
2004-01-06,9.933825356333996
2004-01-07,9.927058311657634
2004-01-08,9.928492618372626
2004-01-09,9.924079800897898
2004-01-12,9.949549370779637
2004-01-13,10.003641937582895
2004-01-14,10.015768513895772
2004-01-15,10.00392327282467
2004-01-16,9.976715422514769
2004-01-20,10.001320419610053
2004-01-21,10.02391229553546
2004-01-22,10.09630450747281
2004-01-23,10.151659947023639
2004-01-26,10.089219283053227
2004-01-27,10.086110656620603
2004-01-28,10.105510203905405
2004-01-29,10.122968408090392
2004-01-30,10.023380157026422
2004-02-02,10.054071910435
2004-02-03,10.026989679621085
2004-02-04,10.080316686666322
2004-02-05,10.092423275478689
2004-02-06,10.0901689613497
2004-02-09,10.093087686111835
2004-02-10,10.097592244196862
2004-02-11,10.09197677024483
2004-02-12,10.091972015591088
2004-02-13,10.123918876486181
2004-02-17,10.101254585441147
2004-02-18,10.112138814819284
2004-02-19,10.121235807472251
2004-02-20,10.09723366078837
2004-02-23,10.064257886086516
2004-02-24,10.05166472018587
2004-02-25,10.07917714448829
2004-02-26,10.032571435385037
2004-02-27,10.04237821734116
2004-03-01,10.056940115641273
2004-03-02,10.103148930076976
2004-03-03,10.08834001143796
2004-03-04,10.085919767085652
2004-03-05,10.11512822438958
2004-03-08,10.14070756648891
2004-03-09,10.198459757298211
2004-03-10,10.168411575209017
2004-03-11,10.220105862055448
2004-03-12,10.233540318480838
2004-03-15,10.234803451272093
2004-03-16,10.23947374526108
2004-03-17,10.246282768713384
2004-03-18,10.220416581158164
2004-03-19,10.249754035225633
2004-03-22,10.230792982960242
2004-03-23,10.282935313252414
2004-03-24,10.276005489377605
2004-03-25,10.268168134961511
2004-03-26,10.272414055092627
2004-03-29,10.279519712572672
2004-03-30,10.270070977078399
2004-03-31,10.271874729598148
2004-04-01,10.274877768343872
2004-04-02,10.316572635323876
2004-04-05,10.329321585062162
2004-04-06,10.34239520923775
2004-04-07,10.361186097048352
2004-04-08,10.38272094994099
2004-04-12,10.407294991635222
2004-04-13,10.427034065366614
2004-04-14,10.390322146243088
2004-04-15,10.361533010657778
2004-04-16,10.345493052997712
2004-04-19,10.354025948679661
2004-04-20,10.396635116032977
2004-04-21,10.357642075057639
2004-04-22,10.285013042892349
2004-04-23,10.208490069232749
2004-04-26,10.246992435202081
2004-04-27,10.211261247290462
2004-04-28,10.234903464509307
2004-04-29,10.130859454133411
2004-04-30,10.108899483763494
2004-05-03,10.165186770679318
2004-05-04,10.172438476258508
2004-05-05,10.147077772226732
2004-05-06,10.142414541050327
2004-05-07,10.142940789764651
2004-05-10,10.089523327792488
2004-05-11,10.067175071172382
2004-05-12,10.066570258444559
2004-05-13,10.089857403923094
2004-05-14,10.10290999181403
2004-05-17,10.097133051309926
2004-05-18,10.107929915250281
2004-05-19,10.084706042437219
2004-05-20,10.11152857900054
2004-05-21,10.083563321649919
2004-05-24,10.138205183197007
2004-05-25,10.149238323021887
2004-05-26,10.149148931578162
2004-05-27,10.13781551320854
2004-05-28,10.148775683116925
2004-06-01,10.165321528582739
2004-06-02,10.140098321542142
2004-06-03,10.111549973055297
2004-06-04,10.115206341610698
2004-06-07,10.103143370634278
2004-06-08,10.1142742825875
2004-06-09,10.096920933729763
2004-06-10,9.984817587808818
2004-06-14,9.99925577093227
2004-06-15,10.001360601512465
2004-06-16,10.016822487661006
2004-06-17,10.00631840300251
2004-06-18,10.03307748491064
2004-06-21,10.045032864130494
2004-06-22,10.040138224650889
2004-06-23,10.015180613969925
2004-06-24,10.01539295049772
2004-06-25,10.046559038050935
2004-06-28,10.030036627287725
2004-06-29,10.034236879053216
2004-06-30,9.994031633191478
2004-07-01,9.974677516151704
2004-07-02,9.976956681516068
2004-07-06,9.986914389303095
2004-07-07,10.006191165025717
2004-07-08,10.028032903459035
2004-07-09,10.030768099267915
2004-07-12,10.022429418008471
2004-07-13,10.020647501889469
2004-07-14,10.007300374877364
2004-07-15,10.039912196461184
2004-07-16,10.024864673970642
2004-07-19,10.043680612846483
2004-07-20,10.029366431280863
2004-07-21,10.054015323599554
2004-07-22,10.024253584214634
2004-07-23,10.025347239294168
2004-07-26,10.010578164730681
2004-07-27,9.998478933492853
2004-07-28,9.996706112267272
2004-07-29,9.968381124889516
2004-07-30,9.984064748397147
2004-08-02,9.987244519502243
2004-08-03,9.995396912402844
2004-08-04,9.987575970023737
2004-08-05,9.993052000073254
2004-08-06,9.966878225966934
2004-08-09,9.972653140436103
2004-08-10,9.980976194322185
2004-08-11,9.991315198858262
2004-08-12,9.967071372614317
2004-08-13,9.96106811460632
2004-08-16,9.963008185533536
2004-08-17,9.988128345680991
2004-08-18,9.993852394659935
2004-08-19,9.993926604362127
2004-08-20,10.016502353817662
2004-08-23,10.034998244001143
2004-08-24,10.007735386842185
2004-08-25,9.990343799102297
2004-08-26,9.987613568127475
2004-08-27,9.979441052424777
2004-08-30,9.976533529839978
2004-08-31,9.965052589385397
2004-09-01,9.985676707994386
2004-09-02,9.976114374138678
2004-09-03,9.971751925318987
2004-09-07,9.963525574898451
2004-09-08,9.939130846875896
2004-09-09,9.945738712692796
2004-09-10,9.93587067277965
2004-09-13,9.943817607464307
2004-09-14,9.957335193383521
2004-09-15,9.965009376360559
2004-09-16,9.95879521363388
2004-09-17,9.959465091402432
2004-09-20,9.94689994476771
2004-09-21,9.945085968717384
2004-09-22,9.95735897167341
2004-09-23,9.9515064236709
2004-09-24,9.988062194682518
2004-09-27,10.019525889596258
2004-09-28,10.031031601154451
2004-09-29,9.999164699207125
2004-09-30,9.999080656446644
2004-10-01,10.022921736849433
2004-10-04,10.010840670952197
2004-10-05,9.983707665222589
2004-10-06,10.025368258131353
2004-10-07,10.033381492951523
2004-10-08,10.060864857240093
2004-10-11,10.062550629876922
2004-10-12,10.046106165142547
2004-10-13,10.010186610095186
2004-10-14,9.985409834487042
2004-10-15,9.99863192707816
2004-10-18,9.991186878224775
2004-10-19,9.966349851059565
2004-10-20,9.98641394163471
2004-10-21,9.978871418234004
2004-10-22,9.98616044002024
2004-10-25,9.980267955509076
2004-10-26,9.99616356126915
2004-10-27,9.974774532333825
2004-10-28,9.974305602472189
2004-10-29,9.97562846906414
2004-11-01,9.962250910295543
2004-11-02,9.956259649866807
2004-11-03,9.955656095687285
2004-11-04,9.955731473021546
2004-11-05,9.97778498016136
2004-11-08,9.990236556707703
2004-11-09,9.987725525270458
2004-11-10,9.977562164427754
2004-11-11,9.976728339496285
2004-11-12,9.982265084150857
2004-11-15,10.006965058973488
2004-11-16,9.995927556799579
2004-11-17,10.009371939280047
2004-11-18,10.012820559956781
2004-11-19,9.99665600162504
2004-11-22,10.000904669094048
2004-11-23,10.002671795295397
2004-11-24,9.995897958025482
2004-11-29,9.981365135270499
2004-11-30,9.969420548779839
2004-12-01,9.967334900427515
2004-12-02,9.959546903692798
2004-12-03,9.947316030748814
2004-12-06,9.936518853087016
2004-12-07,9.963992199553335
2004-12-08,9.951027460519903
2004-12-09,9.920194052748085
2004-12-10,9.881409197299972
2004-12-13,9.877044604975199
2004-12-14,9.869031257962048
2004-12-15,9.831094522137011
2004-12-16,9.842208828907038
2004-12-17,9.789887468934605
2004-12-20,9.799297130498548
2004-12-21,9.826012424236405
2004-12-22,9.827101153236946
2004-12-23,9.839028735131807
2004-12-27,9.846195188128027
2004-12-28,9.854369407522542
2004-12-29,9.847714820816428
2004-12-30,9.828832149120936
2005-01-03,9.82844951785649
2005-01-04,9.79094002736362
2005-01-05,9.801797008930958
2005-01-06,9.819666831858905
2005-01-07,9.820518645481584
2005-01-10,9.821940311818517
2005-01-11,9.866023758428808
2005-01-12,9.885334837645122
2005-01-13,9.862894517488677
2005-01-14,9.847114143937853
2005-01-18,9.820142042146824
2005-01-19,9.830749029404531
2005-01-20,9.851752016827744
2005-01-21,9.837311524649865
2005-01-24,9.867040659321999
2005-01-25,9.868878855249188
2005-01-26,9.866824307507807
2005-01-27,9.863935204865154
2005-01-28,9.862851759243691
2005-01-31,9.86519239080182
2005-02-01,9.855019598207756
2005-02-02,9.861714772281209
2005-02-03,9.841483419609364
2005-02-04,9.817076455964022
2005-02-07,9.810915376735757
2005-02-08,9.80372017510271
2005-02-09,9.79901301042371
2005-02-10,9.80027405799091
2005-02-11,9.813649508911425
2005-02-14,9.828282208143975
2005-02-15,9.845504196171563
2005-02-16,9.827460988184956
2005-02-17,9.815666822996244
2005-02-18,9.816547101062769
2005-02-22,9.81644184594658
2005-02-23,9.8377175434048
2005-02-24,9.832325465667632
2005-02-25,9.832574884675712
2005-02-28,9.80884903132466
2005-03-01,9.828132704449036
2005-03-02,9.83880519495004
2005-03-03,9.852154281004074
2005-03-04,9.908859030910167
2005-03-07,9.957588297742644
2005-03-08,9.950871642409908
2005-03-09,9.951059826083892
2005-03-10,9.939182782790867
2005-03-11,9.920981454695122
2005-03-14,9.918436361012512
2005-03-15,9.908102704073082
2005-03-16,9.919884113919498
2005-03-17,9.937899359434889
2005-03-18,9.914911898878227
2005-03-21,9.918236589923318
2005-03-22,9.902878954813252
2005-03-23,9.907306871457134
2005-03-24,9.869802515525949
2005-03-28,9.886553879720879
2005-03-29,9.873195314847221
2005-03-30,9.882183504792435
2005-03-31,9.906174262562903
2005-04-01,9.922780670457513
2005-04-04,9.912040561126807
2005-04-05,9.903652938375194
2005-04-06,9.903863099061152
2005-04-07,9.912387972943424
2005-04-08,9.908393607252417
2005-04-11,9.897687779770502
2005-04-12,9.909455097477068
2005-04-13,9.888559588967963
2005-04-14,9.888846089751569
2005-04-15,9.897041452385315
2005-04-18,9.901984277675783
2005-04-19,9.906140635786118
2005-04-20,9.914372126582482
2005-04-21,9.936198235081058
2005-04-22,9.900207913939177
2005-04-25,9.911883523335096
2005-04-26,9.916166558216844
2005-04-27,9.913301366242617
2005-04-28,9.91901563487558
2005-04-29,9.880692930090552
2005-05-02,9.894568418110577
2005-05-03,9.869654123258837
2005-05-04,9.860725945404543
2005-05-05,9.876857597230297
2005-05-06,9.88759919122076
2005-05-09,9.871228172059155
2005-05-10,9.88283995049112
2005-05-11,9.881757483467835
2005-05-12,9.870618283989762
2005-05-13,9.862585344875534
2005-05-16,9.848305075084411
2005-05-17,9.837794946110524
2005-05-18,9.855336154901174
2005-05-19,9.864496063674167
2005-05-20,9.845510425410945
2005-05-23,9.851491604472002
2005-05-24,9.857093641935581
2005-05-25,9.855179975262596
2005-05-26,9.837539665386569
2005-05-27,9.828598969923632
2005-05-31,9.836224405781733
2005-06-01,9.824712349344619
2005-06-02,9.82136366525172
2005-06-03,9.823038138654582
2005-06-06,9.83542630276556
2005-06-07,9.864384626948564
2005-06-08,9.852210417903969
2005-06-09,9.852010723768407
2005-06-10,9.836283588311218
2005-06-13,9.83491350810318
2005-06-14,9.840670580884987
2005-06-15,9.837229193053767
2005-06-16,9.8602364223273
2005-06-17,9.854805175164273
2005-06-20,9.861901305701751
2005-06-21,9.866403638349436
2005-06-22,9.846631166414372
2005-06-23,9.85619774852288
2005-06-24,9.851845675782906
2005-06-27,9.846531906430005
2005-06-28,9.839588968557269
2005-06-29,9.825926853674543
2005-06-30,9.821986129653277
2005-07-01,9.809351462958702
2005-07-05,9.792669248660898
2005-07-06,9.798168956889553
2005-07-07,9.801624345796508
2005-07-08,9.821681819064802
2005-07-11,9.830960595301178
2005-07-12,9.830956459025854
2005-07-13,9.825728330687323
2005-07-14,9.811347601608205
2005-07-15,9.811526351806922
2005-07-18,9.821042673367673
2005-07-19,9.83834723363156
2005-07-20,9.848246721419649
2005-07-21,9.869511128157532
2005-07-22,9.892743919625975
2005-07-25,9.880701912558203
2005-07-26,9.877761205652188
2005-07-27,9.856070495998049
2005-07-28,9.862209402377072
2005-07-29,9.884098797264757
2005-08-01,9.876251480717974
2005-08-02,9.883656206020005
2005-08-03,9.881341210211248
2005-08-04,9.887126188206041
2005-08-05,9.86981027224863
2005-08-08,9.860847263976742
2005-08-09,9.852711600762895
2005-08-10,9.842903351455712
2005-08-11,9.841195115661076
2005-08-12,9.84599684734582
2005-08-15,9.828330415125327
2005-08-16,9.834277750234863
2005-08-17,9.82672099725615
2005-08-18,9.827917325478158
2005-08-19,9.820030156601273
2005-08-22,9.816459303775861
2005-08-23,9.826044938121328
2005-08-24,9.84430069025057
2005-08-25,9.834852331700144
2005-08-26,9.82609266691508
2005-08-29,9.824894265111574
2005-08-30,9.82708243495957
2005-08-31,9.816553830491332
2005-09-01,9.82533008086727
2005-09-02,9.836192805677522
2005-09-06,9.830759340130333
2005-09-07,9.827751497257534
2005-09-08,9.825060733826302
2005-09-09,9.834931750371505
2005-09-12,9.834345618124152
2005-09-13,9.827905541053916
2005-09-14,9.82116923352092
2005-09-15,9.825990626854502
2005-09-16,9.839287655621813
2005-09-19,9.873525970070643
2005-09-20,9.9339348881835
2005-09-21,9.914986480977744
2005-09-22,9.92012739795311
2005-09-23,9.907956425067555
2005-09-26,9.899620437878328
2005-09-27,9.892265033808298
2005-09-28,9.903967669717535
2005-09-29,9.91123266058024
2005-09-30,9.90341291636168
2005-10-03,9.903101077700313
2005-10-04,9.888488866246453
2005-10-05,9.884144488507403
2005-10-06,9.880728553707982
2005-10-07,9.889956907990024
2005-10-10,9.93022749947886
2005-10-11,9.957703555052122
2005-10-12,9.965808404263608
2005-10-13,9.978906811265045
2005-10-14,9.959488999212713
2005-10-17,9.952560411394979
2005-10-18,9.990130377429237
2005-10-19,9.959846731490769
2005-10-20,9.95411920170924
2005-10-21,9.962760021265561
2005-10-24,9.96175870211481
2005-10-25,9.970932501757101
2005-10-26,10.00913862482178
2005-10-27,10.049624027196813
2005-10-28,10.036473742982887
2005-10-31,10.044506588020177
2005-11-01,10.028320124591964
2005-11-02,10.011805253866466
2005-11-03,10.039399093790978
2005-11-04,10.051857366390744
2005-11-07,10.023590075098774
2005-11-08,10.044526827229996
2005-11-09,10.056513474817539
2005-11-10,10.081613113829933
2005-11-11,10.098511192932653
2005-11-14,10.128499636485794
2005-11-15,10.144785887297154
2005-11-16,10.130310910542583
2005-11-17,10.174368201318051
2005-11-18,10.171843949067775
2005-11-21,10.192691857630072
2005-11-22,10.19766028247385
2005-11-23,10.175670794391536
2005-11-28,10.186941568589612
2005-11-29,10.190600983544877
2005-11-30,10.195129722931904
2005-12-01,10.160377184093226
2005-12-02,10.199665748198159
2005-12-05,10.212492432198063
2005-12-06,10.23491759109773
2005-12-07,10.234329982315074
2005-12-08,10.246321895457159
2005-12-09,10.269284560627492
2005-12-12,10.260405984496838
2005-12-13,10.283851698629016
2005-12-14,10.206250240983723
2005-12-15,10.179969435455433
2005-12-16,10.196160074912312
2005-12-19,10.180665640024888
2005-12-20,10.186774476815968
2005-12-21,10.149575047094961
2005-12-22,10.123505580241801
2005-12-23,10.130374367241973
2005-12-27,10.157638933550702
2005-12-28,10.156537417456885
2005-12-29,10.18625810148179
2005-12-30,10.148244235705356
2006-01-03,10.17227766583177
2006-01-04,10.205898146269346
2006-01-05,10.233942670774175
2006-01-06,10.18328285076422
2006-01-09,10.217459742251156
2006-01-10,10.242716189115063
2006-01-11,10.221990445168037
2006-01-12,10.230090005418347
2006-01-13,10.22578250794381
2006-01-17,10.254588878895037
2006-01-18,10.257656265580028
2006-01-19,10.21246758873045
2006-01-20,10.231605221153785
2006-01-23,10.230089164862365
2006-01-24,10.236394061211984
2006-01-25,10.223827534982796
2006-01-26,10.254720717813692
2006-01-27,10.231681360682398
2006-01-30,10.231401367917288
2006-01-31,10.254428784369393
2006-02-01,10.30113981279009
2006-02-02,10.295919016371112
2006-02-03,10.34065871705517
2006-02-06,10.369507469331003
2006-02-07,10.347759610978905
2006-02-08,10.26295040430403
2006-02-09,10.285146810431494
2006-02-10,10.326295077966245
2006-02-13,10.248723339813763
2006-02-14,10.218108715386188
2006-02-15,10.244260851436074
2006-02-16,10.2263440781622
2006-02-17,10.228882525244384
2006-02-21,10.273495898549157
2006-02-22,10.288952141369867
2006-02-23,10.279946125940551
2006-02-24,10.272458802391343
2006-02-27,10.283620256530591
2006-02-28,10.255602097503672
2006-03-01,10.289930926423606
2006-03-02,10.309303655939283
2006-03-03,10.318584529597677
2006-03-06,10.337413007769094
2006-03-07,10.29891207269949
2006-03-08,10.281625414996142
2006-03-09,10.239829673380386
2006-03-10,10.286373517391485
2006-03-13,10.270952330762562
2006-03-14,10.314438176799289
2006-03-15,10.329007498031665
2006-03-16,10.37058581849132
2006-03-17,10.35630127471311
2006-03-20,10.372997548653661
2006-03-21,10.377328078515017
2006-03-22,10.365053542942734
2006-03-23,10.393234296600669
2006-03-24,10.380964738564463
2006-03-27,10.418795289228523
2006-03-28,10.44368341364706
2006-03-29,10.439291028796607
2006-03-30,10.423952418817716
2006-03-31,10.467104314304935
2006-04-03,10.419583305783814
2006-04-04,10.454371928230307
2006-04-05,10.438520865122753
2006-04-06,10.440749806605854
2006-04-07,10.488183951001044
2006-04-10,10.46933953230345
2006-04-11,10.490949992701399
2006-04-12,10.446855852202944
2006-04-13,10.462424545535706
2006-04-17,10.460407986340199
2006-04-18,10.4993207948095
2006-04-19,10.504578023239835
2006-04-20,10.529481482588258
2006-04-21,10.457884259725315
2006-04-24,10.4915949742408
2006-04-25,10.496800060114097
2006-04-26,10.514197387830716
2006-04-27,10.491385708915974
2006-04-28,10.502785551279505
2006-05-01,10.519523475270912
2006-05-02,10.541822184656272
2006-05-03,10.53256657893962
2006-05-04,10.517393443299321
2006-05-05,10.52272489580555
2006-05-08,10.516534392596308
2006-05-09,10.508048726206898
2006-05-10,10.568536103335346
2006-05-11,10.543289752660536
2006-05-12,10.573248281724016
2006-05-15,10.56202519386991
2006-05-16,10.496979947697968
2006-05-17,10.518486301443836
2006-05-18,10.535611268285896
2006-05-19,10.495640058159227
2006-05-22,10.467159766442602
2006-05-23,10.453079938381613
2006-05-24,10.504518756408146
2006-05-25,10.46127814915578
2006-05-26,10.483477209226889
2006-05-30,10.472240665368231
2006-05-31,10.479310549064447
2006-06-01,10.471562776258263
2006-06-02,10.441784512078879
2006-06-05,10.474721220293441
2006-06-06,10.482081782554857
2006-06-07,10.465610198759851
2006-06-08,10.444269433971133
2006-06-09,10.379421835312915
2006-06-12,10.39058237800029
2006-06-13,10.359337842868705
2006-06-14,10.222695841123993
2006-06-15,10.283311598585096
2006-06-16,10.327864068979894
2006-06-19,10.328327236856845
2006-06-20,10.291544271603117
2006-06-21,10.32169830297135
2006-06-22,10.355856928625563
2006-06-23,10.353679114544201
2006-06-26,10.340419864640365
2006-06-27,10.374896747836022
2006-06-28,10.354591415025807
2006-06-29,10.350158949002296
2006-06-30,10.352091693495796
2006-07-05,10.383830129974157
2006-07-06,10.396780657849467
2006-07-07,10.406379700999928
2006-07-10,10.40122154665979
2006-07-11,10.38449701834272
2006-07-12,10.400753742431007
2006-07-13,10.403672585647389
2006-07-14,10.416029002000439
2006-07-17,10.41741354179873
2006-07-18,10.379773894137507
2006-07-19,10.354477597461226
2006-07-20,10.366935838032498
2006-07-21,10.347504350044199
2006-07-24,10.346981512889569
2006-07-25,10.360681631507976
2006-07-26,10.363565412990894
2006-07-27,10.363214608034673
2006-07-28,10.374451641850042
2006-07-31,10.35431960619617
2006-08-01,10.364044130518744
2006-08-02,10.379114604396968
2006-08-03,10.400750853124068
2006-08-04,10.387277550612183
2006-08-07,10.396207099517579
2006-08-08,10.396275588780586
2006-08-09,10.384497192099362
2006-08-10,10.39373266096684
2006-08-11,10.381413080466354
2006-08-14,10.380071903570682
2006-08-15,10.367489995846697
2006-08-16,10.387604437920738
2006-08-17,10.423278025355799
2006-08-18,10.42133327445921
2006-08-21,10.416689535710752
2006-08-22,10.449114448094868
2006-08-23,10.459536971542665
2006-08-24,10.470715536447912
2006-08-25,10.463859363934226
2006-08-28,10.46820738047611
2006-08-29,10.456199705617312
2006-08-30,10.442085102791332
2006-08-31,10.449182627600761
2006-09-01,10.459047504987693
2006-09-05,10.461574881576789
2006-09-06,10.478175644706434
2006-09-07,10.489781571847361
2006-09-08,10.478208500457253
2006-09-11,10.413846628086304
2006-09-12,10.35888866041567
2006-09-13,10.347464260104177
2006-09-14,10.368254948884148
2006-09-15,10.395955507220885
2006-09-18,10.355230091082435
2006-09-19,10.345776409883698
2006-09-20,10.337745681643778
2006-09-21,10.328943483611452
2006-09-22,10.33813536107616
2006-09-25,10.3791930952627
2006-09-26,10.363616609104344
2006-09-27,10.368765158980027
2006-09-28,10.373003632915948
2006-09-29,10.385958265272503
2006-10-02,10.36106454609236
2006-10-03,10.354305022106306
2006-10-04,10.329018225834215
2006-10-05,10.296273367399289
2006-10-06,10.312716035921072
2006-10-09,10.309130536048107
2006-10-10,10.319472866961219
2006-10-11,10.313613244913101
2006-10-12,10.338464137244612
2006-10-13,10.334342967462259
2006-10-16,10.360670805136845
2006-10-17,10.38761431875927
2006-10-18,10.371317317436185
2006-10-19,10.41186182777816
2006-10-20,10.426150262190326
2006-10-23,10.40474777668197
2006-10-24,10.37639405181483
2006-10-25,10.382340856820768
2006-10-26,10.382529794585219
2006-10-27,10.39322326061452
2006-10-30,10.381921906616277
2006-10-31,10.400231642701309
2006-11-01,10.380857002639761
2006-11-02,10.385658859975429
2006-11-03,10.393857405634478
2006-11-06,10.419446621214064
2006-11-07,10.42078064726806
2006-11-08,10.416504290317034
2006-11-09,10.398426258177986
2006-11-10,10.43087198590583
2006-11-13,10.405427698705754
2006-11-14,10.3935609548342
2006-11-15,10.370963239030907
2006-11-16,10.369087362280393
2006-11-17,10.380093006839736
2006-11-20,10.366252250950382
2006-11-21,10.38263096154786
2006-11-22,10.398926512572816
2006-11-27,10.408360376928588
2006-11-28,10.404503008382502
2006-11-29,10.399462723501244
2006-11-30,10.395967562393253
2006-12-01,10.417029937480097
2006-12-04,10.411818383331447
2006-12-05,10.423092253761435
2006-12-06,10.422761521980178
2006-12-07,10.40360459330677
2006-12-08,10.406624024114691
2006-12-11,10.415555311857599
2006-12-12,10.41475219229203
2006-12-13,10.40607902432987
2006-12-14,10.402420493855852
2006-12-15,10.406506180795462
2006-12-18,10.385518289984944
2006-12-19,10.387762200389242
2006-12-20,10.401061996932425
2006-12-21,10.396267668646088
2006-12-22,10.394953333793849
2006-12-26,10.391610974604916
2006-12-27,10.400930641238066
2006-12-28,10.39992092987355
2006-12-29,10.397002462337761
2007-01-03,10.42898502598035
2007-01-04,10.439174722579901
2007-01-05,10.449245300925508
2007-01-08,10.418034646412721
2007-01-09,10.409325800147181
2007-01-10,10.407783820037409
2007-01-11,10.405833240896126
2007-01-12,10.41190940410221
2007-01-16,10.418246193801863
2007-01-17,10.42086192113949
2007-01-18,10.441936527839236
2007-01-19,10.442958082469978
2007-01-22,10.447331985051749
2007-01-23,10.452577276572963
2007-01-24,10.463055218654914
2007-01-25,10.459608556526948
2007-01-26,10.477682524826973
2007-01-29,10.464695891538225
2007-01-30,10.447386387428278
2007-01-31,10.436642167997158
2007-02-01,10.434674080950144
2007-02-02,10.447475677221727
2007-02-05,10.427726679421546
2007-02-06,10.439983557171097
2007-02-07,10.444812096351063
2007-02-08,10.448078603353272
2007-02-09,10.435672733889753
2007-02-12,10.43765442727717
2007-02-13,10.426075152225543
2007-02-14,10.446356327065349
2007-02-15,10.449914847053154
2007-02-16,10.44106958890513
2007-02-20,10.438143260377027
2007-02-21,10.432094394479744
2007-02-22,10.444996292205898
2007-02-23,10.479225095858862
2007-02-26,10.500382836811035
2007-02-27,10.494057886337051
2007-02-28,10.4803518146367
2007-03-01,10.480399835365475
2007-03-02,10.473203693223093
2007-03-05,10.463384650069777
2007-03-06,10.453126442249708
2007-03-07,10.467530781223031
2007-03-08,10.472723632862408
2007-03-09,10.470885271781569
2007-03-12,10.480229861588061
2007-03-13,10.479210887760459
2007-03-14,10.473585210264
2007-03-15,10.472099037810533
2007-03-16,10.466995446250554
2007-03-19,10.46891141536637
2007-03-20,10.473717623280557
2007-03-21,10.477073431645499
2007-03-22,10.467914870393031
2007-03-23,10.483748687474968
2007-03-26,10.48876300664616
2007-03-27,10.487333042411805
2007-03-28,10.47904582184657
2007-03-29,10.484037939933698
2007-03-30,10.478958931138372
2007-04-02,10.48245274070839
2007-04-03,10.472638715130735
2007-04-04,10.478255348689185
2007-04-05,10.473854188371464
2007-04-09,10.48004895963246
2007-04-10,10.4845526664139
2007-04-11,10.499525339916874
2007-04-12,10.516148966134839
2007-04-13,10.528990168368974
2007-04-16,10.54679290897853
2007-04-17,10.541525784191494
2007-04-18,10.545038935629282
2007-04-19,10.551457782903956
2007-04-20,10.544204725182924
2007-04-23,10.565522551261775
2007-04-24,10.56357355787602
2007-04-25,10.541743240792806
2007-04-26,10.552127222246144
2007-04-27,10.526790023393788
2007-04-30,10.529432561067999
2007-05-01,10.528268976697763
2007-05-02,10.528542047452138
2007-05-03,10.530699914572088
2007-05-04,10.534711428453704
2007-05-07,10.536010890193248
2007-05-08,10.541840066301251
2007-05-09,10.533270248637201
2007-05-10,10.51836364261449
2007-05-11,10.500263930227801
2007-05-14,10.513671780721872
2007-05-15,10.491827935714593
2007-05-16,10.485559465935019
2007-05-17,10.482853161426478
2007-05-18,10.490884127021264
2007-05-21,10.50425107058266
2007-05-22,10.528769804357717
2007-05-23,10.554079198775005
2007-05-24,10.5515597191918
2007-05-25,10.529230792365555
2007-05-30,10.526102491102332
2007-05-31,10.521695480271605
2007-06-01,10.525742164125665
2007-06-04,10.53697023206892
2007-06-05,10.536923084241534
2007-06-06,10.520991286621408
2007-06-07,10.530839330697848
2007-06-08,10.523403830854708
2007-06-11,10.519368612159882
2007-06-12,10.52495888704669
2007-06-13,10.524634259914704
2007-06-14,10.518599017484483
2007-06-15,10.520944702463238
2007-06-18,10.527170113715568
2007-06-19,10.530277370225944
2007-06-20,10.53433723170752
2007-06-21,10.543157393340856
2007-06-22,10.541814198190238
2007-06-25,10.548720368287212
2007-06-26,10.531253431988864
2007-06-27,10.51961229748319
2007-06-28,10.511051192172884
2007-06-29,10.513289366971508
2007-07-02,10.512714149031114
2007-07-03,10.520614046937547
2007-07-05,10.514890653289186
2007-07-06,10.504412472119958
2007-07-09,10.514830122421388
2007-07-10,10.520473705020539
2007-07-11,10.517085771446071
2007-07-12,10.520486289585897
2007-07-13,10.524936605473973
2007-07-16,10.521712721096586
2007-07-17,10.518232822985718
2007-07-18,10.51138566187085
2007-07-19,10.521889492445059
2007-07-20,10.527104862653479
2007-07-23,10.530199773965345
2007-07-24,10.526879213825312
2007-07-25,10.51748209332682
2007-07-26,10.513035964844775
2007-07-27,10.512309648836458
2007-07-30,10.500549313770945
2007-07-31,10.510212088144629
2007-08-01,10.508225786585937
2007-08-02,10.513124840661575
2007-08-03,10.50746129442389
2007-08-06,10.50950125283304
2007-08-07,10.507421679209013
2007-08-08,10.500013112235973
2007-08-09,10.500204223165781
2007-08-10,10.49621156984239
2007-08-13,10.484099452487108
2007-08-14,10.484917666480992
2007-08-15,10.475576688564267
2007-08-16,10.462406402612409
2007-08-17,10.394759337063014
2007-08-20,10.402652653411945
2007-08-21,10.409249269598114
2007-08-22,10.38355363926591
2007-08-23,10.392685071032519
2007-08-24,10.41071472036493
2007-08-27,10.423176152869486
2007-08-28,10.424216838271994
2007-08-29,10.411147107113337
2007-08-30,10.420777403875167
2007-08-31,10.420119448001403
2007-09-04,10.426265288898398
2007-09-05,10.4317734315852
2007-09-06,10.423762049888772
2007-09-07,10.436977945748001
2007-09-10,10.43537315295397
2007-09-11,10.422187783023452
2007-09-12,10.429554671369132
2007-09-13,10.431316196325849
2007-09-14,10.422629018683867
2007-09-17,10.41361096081826
2007-09-18,10.419251605115704
2007-09-19,10.420030269554667
2007-09-20,10.422657393142464
2007-09-21,10.444917536106853
2007-09-24,10.440307963045964
2007-09-25,10.448260315466733
2007-09-26,10.441590692615465
2007-09-27,10.446855406980838
2007-09-28,10.455077887110281
2007-10-01,10.467089718160478
2007-10-02,10.497202145591059
2007-10-03,10.472068395607913
2007-10-04,10.49366218056866
2007-10-05,10.519489662023066
2007-10-08,10.515085865627055
2007-10-09,10.502542051337581
2007-10-10,10.50960328221904
2007-10-11,10.539654043896425
2007-10-12,10.55831237986903
2007-10-15,10.54181747577895
2007-10-16,10.536019119555313
2007-10-17,10.530994719494965
2007-10-18,10.53113569713241
2007-10-19,10.527219781522481
2007-10-22,10.523136619963818
2007-10-23,10.50382032179687
2007-10-24,10.506924602437534
2007-10-25,10.496531457837612
2007-10-26,10.514816930931918
2007-10-29,10.531770437406344
2007-10-30,10.530201636915349
2007-10-31,10.52139767730487
2007-11-01,10.526751302505344
2007-11-02,10.532388094283759
2007-11-05,10.53611343744258
2007-11-06,10.529930866325907
2007-11-07,10.541759764552609
2007-11-08,10.533989399212569
2007-11-09,10.536107721148255
2007-11-12,10.53295066740728
2007-11-13,10.52271345577869
2007-11-14,10.526043650906182
2007-11-15,10.526775535581386
2007-11-16,10.518184339212757
2007-11-19,10.506115340519246
2007-11-20,10.493614867043568
2007-11-21,10.501085385611008
2007-11-23,10.484806168565653
2007-11-26,10.50602953804556
2007-11-27,10.500867312662212
2007-11-28,10.474770883928715
2007-11-29,10.466121389878039
2007-11-30,10.462369294289532
2007-12-03,10.470758208483684
2007-12-04,10.466700569593767
2007-12-05,10.471473968411267
2007-12-06,10.474388555537237
2007-12-07,10.466949610966115
2007-12-10,10.455949304850613
2007-12-11,10.460138037958998
2007-12-12,10.466755611335802
2007-12-13,10.468929734719731
2007-12-14,10.467080600905224
2007-12-17,10.481792640334772
2007-12-18,10.493289754770876
2007-12-19,10.497502214002768
2007-12-20,10.492802537231904
2007-12-21,10.48510434519381
2007-12-24,10.492795644288902
2007-12-26,10.498720254456435
2007-12-27,10.511580920972108
2007-12-28,10.512070154589159
2007-12-31,10.516627186346968
2008-01-02,10.537460986939424
2008-01-03,10.541829172337065
2008-01-04,10.54172737089352
2008-01-07,10.536702540204203
2008-01-08,10.534435883597238
2008-01-09,10.546984349513028
2008-01-10,10.549543045512733
2008-01-11,10.544918336484633
2008-01-14,10.545887806575823
2008-01-15,10.560399319292943
2008-01-16,10.554182373068743
2008-01-17,10.536604376537008
2008-01-18,10.533026580892832
2008-01-22,10.529851352998945
2008-01-23,10.51945251357269
2008-01-24,10.515077963242337
2008-01-25,10.532270670545765
2008-01-28,10.556261542413928
2008-01-29,10.571629126469052
2008-01-30,10.576296869020995
2008-01-31,10.56976320573927
2008-02-01,10.579379152523295
2008-02-04,10.634657377264709
2008-02-05,10.667073047468914
2008-02-06,10.64746387356932
2008-02-07,10.648682725429513
2008-02-08,10.660350912483239
2008-02-11,10.688500579950762
2008-02-12,10.694187812549327
2008-02-13,10.66721772687356
2008-02-14,10.68530771987941
2008-02-15,10.690095144620496
2008-02-19,10.712115586695226
2008-02-20,10.813843027621964
2008-02-21,10.803724660081098
2008-02-22,10.846719161637834
2008-02-25,10.856282284137347
2008-02-26,10.874000718320763
2008-02-27,10.897823333227503
2008-02-28,10.904151238060857
2008-02-29,10.957790748592517
2008-03-03,10.925697948310443
2008-03-04,10.954820536525489
2008-03-05,10.917725391272539
2008-03-06,10.900372605055509
2008-03-07,10.873675532297773
2008-03-10,10.803693363317562
2008-03-11,10.782572432387965
2008-03-12,10.817849841771357
2008-03-13,10.838919581390444
2008-03-14,10.84882014573263
2008-03-17,10.845430464951203
2008-03-18,10.783710339352375
2008-03-19,10.796584228962343
2008-03-20,10.740643210084878
2008-03-24,10.700533333632135
2008-03-25,10.679817818341089
2008-03-26,10.743672131197075
2008-03-27,10.732268187457864
2008-03-28,10.719452834947594
2008-03-31,10.7227938895437
2008-04-01,10.71179026606428
2008-04-02,10.708678643207753
2008-04-03,10.69750533627133
2008-04-04,10.706685592364838
2008-04-07,10.69914603859137
2008-04-08,10.729765702197858
2008-04-09,10.728262595581977
2008-04-10,10.741943139624246
2008-04-11,10.75374958665807
2008-04-14,10.768033883336313
2008-04-15,10.738039209304008
2008-04-16,10.719120546937418
2008-04-17,10.735563736326071
2008-04-18,10.73698807084211
2008-04-21,10.765149996786144
2008-04-22,10.7377331109625
2008-04-23,10.742112160320186
2008-04-24,10.70375205038009
2008-04-25,10.70474524865774
2008-04-28,10.71080073595908
2008-04-29,10.690003997737913
2008-04-30,10.669239764850692
2008-05-01,10.648488842269106
2008-05-02,10.631694662840976
2008-05-05,10.645363542379767
2008-05-06,10.655536024494205
2008-05-07,10.672347884133574
2008-05-08,10.655974667842809
2008-05-09,10.683633530271102
2008-05-12,10.700578342555366
2008-05-13,10.706100096932085
2008-05-14,10.690587213355084
2008-05-15,10.684455536387777
2008-05-16,10.692707944962734
2008-05-19,10.723480384664294
2008-05-20,10.714833824344272
2008-05-21,10.713190414480117
2008-05-22,10.745206243694996
2008-05-23,10.73593636986313
2008-05-26,10.73764550614955
2008-05-27,10.728388208452039
2008-05-28,10.70569508298203
2008-05-29,10.688061336142495
2008-05-30,10.669814376831443
2008-06-02,10.690472808936297
2008-06-03,10.690800382219063
2008-06-04,10.683006378369608
2008-06-05,10.668370887665667
2008-06-06,10.660846084905831
2008-06-09,10.67842135913359
2008-06-10,10.6654064062674
2008-06-11,10.66335689955334
2008-06-12,10.675752550813936
2008-06-13,10.69602999624873
2008-06-16,10.7254775147168
2008-06-17,10.747046665819633
2008-06-18,10.742421621394294
2008-06-19,10.762378668148122
2008-06-20,10.777597855658591
2008-06-23,10.775452758340027
2008-06-24,10.763840046231218
2008-06-25,10.759979780996709
2008-06-26,10.743632302887185
2008-06-27,10.761482073569248
2008-07-01,10.75858165963455
2008-07-02,10.761074594132928
2008-07-03,10.755835208142614
2008-07-04,10.739232287489356
2008-07-07,10.7337351967113
2008-07-08,10.708837066388064
2008-07-09,10.69434739113868
2008-07-10,10.71360924744892
2008-07-11,10.718227939939526
2008-07-14,10.732300700714466
2008-07-15,10.726424371624093
2008-07-16,10.694671017891814
2008-07-17,10.669255684960428
2008-07-18,10.657791842612268
2008-07-21,10.63274834136553
2008-07-22,10.63244912733152
2008-07-23,10.622688309100255
2008-07-24,10.568868560825956
2008-07-25,10.56223839133282
2008-07-28,10.551223862331621
2008-07-29,10.577861235549863
2008-07-30,10.549680573510088
2008-07-31,10.531012113730547
2008-08-01,10.557969566164761
2008-08-04,10.515604274313118
2008-08-05,10.469560954157032
2008-08-06,10.475237697268602
2008-08-07,10.474988875531812
2008-08-08,10.454978308566414
2008-08-11,10.39926580529686
2008-08-12,10.377442722872395
2008-08-13,10.338834101419627
2008-08-14,10.367162790753612
2008-08-15,10.330788101333878
2008-08-18,10.24422215157046
2008-08-19,10.269329763970976
2008-08-20,10.252114566571805
2008-08-21,10.232867766101556
2008-08-22,10.279984684138386
2008-08-25,10.282998328892564
2008-08-26,10.267988445243832
2008-08-27,10.270719725851015
2008-08-28,10.275553662160204
2008-08-29,10.30061899912995
2008-09-01,10.337879252911042
2008-09-02,10.30538652404158
2008-09-03,10.283296219095867
2008-09-04,10.268415404483793
2008-09-05,10.27668246539537
2008-09-08,10.204817152100112
2008-09-09,10.184983087281852
2008-09-10,10.084346586557313
2008-09-11,10.050947962615473
2008-09-12,10.069663937047517
2008-09-15,10.102953555115556
2008-09-16,10.07320278530054
2008-09-17,10.017127316927313
2008-09-18,10.033134835193417
2008-09-19,10.094017522887086
2008-09-22,10.069770879343523
2008-09-23,10.163917538993019
2008-09-24,10.125320985694728
2008-09-25,10.140872846842468
2008-09-26,10.089859615873005
2008-09-29,10.012827962914049
2008-09-30,10.02042299867949
2008-10-01,9.923955468586275
2008-10-02,10.004424972450622
2008-10-03,9.930955618333577
2008-10-06,9.937623562351584
2008-10-07,9.942494639608716
2008-10-08,9.922585325654698
2008-10-09,9.927231181416595
2008-10-10,9.952974526239863
2008-10-13,9.90414207555279
2008-10-14,9.959465545534503
2008-10-15,9.948113230746452
2008-10-16,9.893850095868254
2008-10-17,9.751942437253604
2008-10-20,9.808326861489537
2008-10-21,9.835078767860809
2008-10-22,9.842909789224862
2008-10-23,9.816948396228288
2008-10-24,9.773042370497645
2008-10-27,9.79284179954134
2008-10-28,9.80002075721272
2008-10-29,9.860776400019317
2008-10-30,9.929441869686581
2008-10-31,9.903436249093856
2008-11-03,9.93599027809224
2008-11-04,9.936918482778504
2008-11-05,9.956495638638845
2008-11-06,10.000912827769202
2008-11-07,10.012570180026236
2008-11-10,10.017926057684939
2008-11-11,10.006229083829226
2008-11-12,9.993588058948882
2008-11-13,9.978291147136039
2008-11-14,9.969743821653015
2008-11-17,9.986348904871159
2008-11-18,9.988906506860001
2008-11-19,9.975250177633113
2008-11-20,9.867996519253424
2008-11-21,9.803500473328405
2008-11-24,9.823101534801792
2008-11-25,9.905857454732887
2008-11-26,9.905301622811571
2008-11-28,9.873561428251866
2008-12-01,9.902475237099944
2008-12-02,9.761505298393752
2008-12-03,9.790634623063744
2008-12-04,9.787655139139508
2008-12-05,9.771677874753117
2008-12-08,9.699695435209255
2008-12-09,9.814309987029574
2008-12-10,9.813817225717784
2008-12-11,9.86109536739464
2008-12-12,9.832521987886283
2008-12-15,9.775702268963016
2008-12-16,9.812994567078883
2008-12-17,9.801151129965426
2008-12-18,9.808242612102815
2008-12-19,9.810218188050795
2008-12-22,9.804732316240731
2008-12-23,9.782849950633368
2008-12-24,9.784501748964562
2008-12-26,9.789397990704133
2008-12-29,9.80447347601395
2008-12-30,9.871066100841423
2008-12-31,9.829486437043956
2009-01-02,9.871707135328139
2009-01-05,9.8667248736659
2009-01-06,9.83223036482036
2009-01-07,9.912902273525832
2009-01-08,9.905509738817905
2009-01-09,9.892822284466867
2009-01-12,9.857176807985319
2009-01-13,9.852875844206332
2009-01-14,9.837847223837008
2009-01-15,9.823740824240245
2009-01-16,9.814058529770804
2009-01-20,9.836401976190341
2009-01-21,9.835743542647723
2009-01-22,9.842207149921652
2009-01-23,9.843080871124751
2009-01-26,9.899812165685884
2009-01-27,9.863006615591644
2009-01-28,9.856679065504641
2009-01-29,9.857691046725664
2009-01-30,9.856924939573338
2009-02-02,9.871608449391644
2009-02-03,9.900060653657553
2009-02-04,9.862606826490651
2009-02-05,9.89853438126458
2009-02-06,9.917345186644022
2009-02-09,9.976787614908286
2009-02-10,9.925469916771322
2009-02-11,9.967516758721764
2009-02-12,9.981857151318737
2009-02-13,9.983400684122016
2009-02-17,9.983153282492717
2009-02-18,9.990662812555033
2009-02-19,9.995849250449265
2009-02-20,9.981777393479657
2009-02-23,9.988456695065286
2009-02-24,9.898508003812866
2009-02-25,9.918906678193293
2009-02-26,9.908552714992826
2009-02-27,9.892502454806035
2009-03-02,9.880538015403317
2009-03-03,9.87283115696273
2009-03-04,9.866236441273179
2009-03-05,9.911117921859258
2009-03-06,9.904551765680988
2009-03-09,9.926341355874376
2009-03-10,9.895359347445824
2009-03-11,9.888287452116996
2009-03-12,9.900830592024494
2009-03-13,9.894453641041936
2009-03-16,9.905119473615738
2009-03-17,9.905076879128854
2009-03-18,9.891341505749022
2009-03-19,9.874626194519438
2009-03-20,9.941935556081338
2009-03-23,9.959157787798206
2009-03-24,9.969368381808117
2009-03-25,9.936526497938067
2009-03-26,9.964381891418007
2009-03-27,10.025199427287303
2009-03-30,10.014759230163827
2009-03-31,9.982988256533343
2009-04-01,9.995377763234087
2009-04-02,10.008155257289582
2009-04-03,10.012519135764487
2009-04-06,10.022888179499782
2009-04-07,10.025482593289455
2009-04-08,10.02640314895102
2009-04-09,10.07449586343828
2009-04-13,10.045092416341939
2009-04-14,10.102970345147614
2009-04-15,10.074615325959313
2009-04-16,10.080884056644287
2009-04-17,10.068880876090443
2009-04-20,10.057881487653136
2009-04-21,10.022222701131408
2009-04-22,10.007330733970022
2009-04-23,10.0648442971446
2009-04-24,10.053334462616924
2009-04-27,10.070283850012475
2009-04-28,10.03528784325559
2009-04-29,9.977754024839285
2009-04-30,10.017490121499995
2009-05-01,9.987754365454373
2009-05-04,9.96911561788346
2009-05-05,10.014947378339249
2009-05-06,10.012168453708217
2009-05-07,10.038216740493532
2009-05-08,10.100554480068494
2009-05-11,10.095247621718293
2009-05-12,10.070999377337522
2009-05-13,10.061908818819134
2009-05-14,10.025379720552067
2009-05-15,10.025686379994326
2009-05-18,10.031165876290212
2009-05-19,10.045537806397464
2009-05-20,10.063688821817738
2009-05-21,10.069706997755297
2009-05-22,10.06721290858394
2009-05-26,10.061742691247815
2009-05-27,10.053983258390833
2009-05-28,10.030634387799815
2009-05-29,10.062727668866774
2009-06-01,10.07748876487847
2009-06-02,10.105202925969262
2009-06-03,10.136200215774581
2009-06-04,10.091919156435676
2009-06-05,10.155723426086624
2009-06-08,10.16684591332944
2009-06-09,10.131212342410594
2009-06-10,10.157962554844387
2009-06-11,10.161996161300888
2009-06-12,10.14952430541292
2009-06-15,10.14269031400924
2009-06-16,10.107104638787149
2009-06-17,10.096888606516758
2009-06-18,10.099333428829222
2009-06-19,10.083392192398792
2009-06-22,10.115261198588984
2009-06-23,10.054107475143537
2009-06-24,10.076065531910029
2009-06-25,10.075718385636202
2009-06-26,10.10820590539061
2009-06-29,10.116856727350813
2009-06-30,10.134444380745927
2009-07-01,10.13058206107291
2009-07-02,10.14825823133173
2009-07-03,10.1336712788921
2009-07-06,10.124232880321173
2009-07-07,10.094198433250158
2009-07-08,10.087846145367456
2009-07-09,10.058410470337565
2009-07-10,10.06980345418073
2009-07-13,10.064640044717962
2009-07-14,10.066216938097842
2009-07-15,10.106491782173832
2009-07-16,10.122496994456867
2009-07-17,10.128869168375829
2009-07-20,10.125215945586
2009-07-21,10.153832902874235
2009-07-22,10.157028172885608
2009-07-23,10.150757743247494
2009-07-24,10.169087844876833
2009-07-27,10.172222848434401
2009-07-28,10.182500423751254
2009-07-29,10.164371144936274
2009-07-30,10.147017977798898
2009-07-31,10.165871376980697
2009-08-03,10.186016369539995
2009-08-04,10.224988318758157
2009-08-05,10.245692253719444
2009-08-06,10.236409257475797
2009-08-07,10.20459087557002
2009-08-10,10.24065612298627
2009-08-11,10.226578768609752
2009-08-12,10.22229099951509
2009-08-13,10.215468340713516
2009-08-14,10.235689071378431
2009-08-17,10.229633881841913
2009-08-18,10.190029649389844
2009-08-19,10.215122831997652
2009-08-20,10.210000454669013
2009-08-21,10.224624122058247
2009-08-24,10.26679291659658
2009-08-25,10.262441205458467
2009-08-26,10.276755024912447
2009-08-27,10.263967591678782
2009-08-28,10.263967950285938
2009-08-31,10.285608422339092
2009-09-01,10.287375064371096
2009-09-02,10.271603209587587
2009-09-03,10.271581274400424
2009-09-04,10.291178626209778
2009-09-08,10.296187354478574
2009-09-09,10.305363271701344
2009-09-10,10.290838976346246
2009-09-11,10.28652747663132
2009-09-14,10.291055624033936
2009-09-15,10.295245357115109
2009-09-16,10.296645385976404
2009-09-17,10.312431013566886
2009-09-18,10.329914557188129
2009-09-21,10.323152388303459
2009-09-22,10.30420778299561
2009-09-23,10.318566504323357
2009-09-24,10.299205220681749
2009-09-25,10.302463980862283
2009-09-28,10.290707542338694
2009-09-29,10.288328178674066
2009-09-30,10.273734798012729
2009-10-01,10.31047310375536
2009-10-02,10.28237493647085
2009-10-05,10.30550692220989
2009-10-06,10.32174866217658
2009-10-07,10.345324400702095
2009-10-08,10.355871428075691
2009-10-09,10.384513898192242
2009-10-12,10.385179177613235
2009-10-13,10.405690444815166
2009-10-14,10.40334118706991
2009-10-15,10.406972245740523
2009-10-16,10.397595358950628
2009-10-19,10.407108167394808
2009-10-20,10.4185484653651
2009-10-21,10.428003032164943
2009-10-22,10.439550217358404
2009-10-23,10.432506269934658
2009-10-26,10.432321083554186
2009-10-27,10.411838887889862
2009-10-28,10.405149636928904
2009-10-29,10.360740242190271
2009-10-30,10.403290648152314
2009-11-02,10.381404754920522
2009-11-03,10.394356924296694
2009-11-04,10.397683164864587
2009-11-05,10.400855636756477
2009-11-06,10.410716557519445
2009-11-09,10.405798420812804
2009-11-10,10.423769575736284
2009-11-11,10.419335911471967
2009-11-12,10.45292977790988
2009-11-13,10.46678273658376
2009-11-16,10.48358972708924
2009-11-17,10.540110493011197
2009-11-18,10.521915918963158
2009-11-19,10.530316976756689
2009-11-20,10.516714475360393
2009-11-23,10.505537392777063
2009-11-24,10.533393076080984
2009-11-25,10.519071099658053
2009-11-27,10.526720948429586
2009-11-30,10.513067038411982
2009-12-01,10.507474758737475
2009-12-02,10.56041435158252
2009-12-03,10.572011568123749
2009-12-04,10.561632139081746
2009-12-07,10.541077356682104
2009-12-08,10.531422558320907
2009-12-09,10.53276798695642
2009-12-10,10.503326478157957
2009-12-11,10.505196777791337
2009-12-14,10.496021325313144
2009-12-15,10.51564824907884
2009-12-16,10.506726514775577
2009-12-17,10.528935076704743
2009-12-18,10.517180443946867
2009-12-21,10.512156598877182
2009-12-22,10.505146131265356
2009-12-23,10.471634196649694
2009-12-24,10.484883495317334
2009-12-28,10.579332124026848
2009-12-29,10.56673501403961
2009-12-30,10.568052440196524
2009-12-31,10.588337998990909
2010-01-04,10.62125452161618
2010-01-05,10.651221977766252
2010-01-06,10.649341053004411
2010-01-07,10.66327630621702
2010-01-08,10.65487073403103
2010-01-11,10.65736706488118
2010-01-12,10.674683865642336
2010-01-13,10.656890816276052
2010-01-14,10.656623638596177
2010-01-15,10.702868823784591
2010-01-19,10.709502185557682
2010-01-20,10.743407981337661
2010-01-21,10.739968216054931
2010-01-22,10.720753130239583
2010-01-25,10.68825942523493
2010-01-26,10.691655573672918
2010-01-27,10.659439421454046
2010-01-28,10.63458979566093
2010-01-29,10.62834898083564
2010-02-01,10.62712649843051
2010-02-02,10.669262970930177
2010-02-03,10.70567143604355
2010-02-04,10.681586886773637
2010-02-05,10.609567103900913
2010-02-08,10.58968452907034
2010-02-09,10.617967046515416
2010-02-10,10.638750638785845
2010-02-11,10.627605472527858
2010-02-12,10.644032530978874
2010-02-16,10.63980240841445
2010-02-17,10.678005438059062
2010-02-18,10.687534077455862
2010-02-19,10.679219185377436
2010-02-22,10.698206314064022
2010-02-23,10.700269092992729
2010-02-24,10.679553637010542
2010-02-25,10.652044016778156
2010-02-26,10.658941938912157
2010-03-01,10.679205846976613
2010-03-02,10.68770518758459
2010-03-03,10.703921532050126
2010-03-04,10.71590504786719
2010-03-05,10.74535236348525
2010-03-08,10.774018417088882
2010-03-09,10.7582844198556
2010-03-10,10.755402483586868
2010-03-11,10.744645036059264
2010-03-12,10.737157347921508
2010-03-15,10.743303876540258
2010-03-16,10.736613444634086
2010-03-17,10.765000994500557
2010-03-18,10.77705388760333
2010-03-19,10.775586348531574
2010-03-22,10.751599364493627
2010-03-23,10.735437078059018
2010-03-24,10.746772924618016
2010-03-25,10.719736416523233
2010-03-26,10.719552653447895
2010-03-29,10.726201366922279
2010-03-30,10.772686695995224
2010-03-31,10.756285446558628
2010-04-01,10.780682642723365
2010-04-05,10.804006437629438
2010-04-06,10.838584952876277
2010-04-07,10.835773936824282
2010-04-08,10.844558231030238
2010-04-09,10.824016812059142
2010-04-12,10.848568534932214
2010-04-13,10.86834899853768
2010-04-14,10.861182386596203
2010-04-15,10.91684907914941
2010-04-16,10.90612970624805
2010-04-19,10.878185794884418
2010-04-20,10.885307731993251
2010-04-21,10.92105326876447
2010-04-22,10.950589251476842
2010-04-23,10.941007289497268
2010-04-26,10.938362879384565
2010-04-27,10.944953212968015
2010-04-28,10.909177939580642
2010-04-29,10.898832504500309
2010-04-30,10.91456945650336
2010-05-03,10.92644534368327
2010-05-04,10.909803955115185
2010-05-05,10.842097140992584
2010-05-06,10.835561084230088
2010-05-07,10.848543066880161
2010-05-10,10.83842041904231
2010-05-11,10.870532598838565
2010-05-12,10.883080208249442
2010-05-13,10.913327952533594
2010-05-14,10.901066120479356
2010-05-17,10.870228547178668
2010-05-18,10.82089838941748
2010-05-19,10.834674261807818
2010-05-20,10.72321859274521
2010-05-21,10.603117705867515
2010-05-24,10.704513184475996
2010-05-25,10.728761261556885
2010-05-26,10.66684933888248
2010-05-27,10.71555532455071
2010-05-28,10.75056893101008
2010-06-01,10.742399872739714
2010-06-02,10.740214735272334
2010-06-03,10.718763257113507
2010-06-04,10.715228616018074
2010-06-07,10.665285351111386
2010-06-08,10.669627222852466
2010-06-09,10.699462916347525
2010-06-10,10.728421291708532
2010-06-11,10.710247995801367
2010-06-14,10.71053054446543
2010-06-15,10.744933058400239
2010-06-16,10.771780521868656
2010-06-17,10.767741069255681
2010-06-18,10.782501852995459
2010-06-21,10.804176858431754
2010-06-22,10.81065112753237
2010-06-23,10.797319184667073
2010-06-24,10.762478567044854
2010-06-25,10.756538025416848
2010-06-28,10.776120043444049
2010-06-29,10.760793658352101
2010-06-30,10.718769343269644
2010-07-01,10.699132003414553
2010-07-02,10.661996719746492
2010-07-06,10.66099506793796
2010-07-07,10.696111930698201
2010-07-08,10.696679637813963
2010-07-09,10.701874903260526
2010-07-12,10.732561261798502
2010-07-13,10.72186403152074
2010-07-14,10.759781421717982
2010-07-15,10.746960296508355
2010-07-16,10.751907420288209
2010-07-19,10.70575565924449
2010-07-20,10.699610558783759
2010-07-21,10.718256755191785
2010-07-22,10.71868498162924
2010-07-23,10.73037037455909
2010-07-26,10.752949618303864
2010-07-27,10.769794439394026
2010-07-28,10.747620094197558
2010-07-29,10.755641397153733
2010-07-30,10.807059353372942
2010-08-02,10.820827821676904
2010-08-03,10.85422518911924
2010-08-04,10.829692137435199
2010-08-05,10.818528319083152
2010-08-06,10.810665509896735
2010-08-09,10.792357749693513
2010-08-10,10.776029539882654
2010-08-11,10.75663569345401
2010-08-12,10.744847316925652
2010-08-13,10.761394290582398
2010-08-16,10.774027671745996
2010-08-17,10.792322753453298
2010-08-18,10.81655955262078
2010-08-19,10.797939949392141
2010-08-20,10.78926154258488
2010-08-23,10.772594537037065
2010-08-24,10.791683185277009
2010-08-25,10.790953007135881
2010-08-26,10.808072987058974
2010-08-27,10.830373843390106
2010-08-30,10.828447047991428
2010-08-31,10.8185357879875
2010-09-01,10.823573049741624
2010-09-02,10.863132643357785
2010-09-03,10.869286830380926
2010-09-07,10.881606279870459
2010-09-08,10.862954076909995
2010-09-09,10.873037185489514
2010-09-10,10.860795706922525
2010-09-13,10.857838660077427
2010-09-14,10.879041972608963
2010-09-15,10.92590176997969
2010-09-16,10.932627614104883
2010-09-17,10.911640228684007
2010-09-20,10.906364339424815
2010-09-21,10.899038367497006
2010-09-22,10.87514066196438
2010-09-23,10.902677434698893
2010-09-24,10.929744192639731
2010-09-27,10.933733478833057
2010-09-28,10.916839796481318
2010-09-29,10.935182643470934
2010-09-30,10.946625187716952
2010-10-01,10.952990332855062
2010-10-04,10.959312524887885
2010-10-05,10.93144840627989
2010-10-06,10.968450157150716
2010-10-07,10.985881448565383
2010-10-08,10.97888352963452
2010-10-11,10.980756175995692
2010-10-12,10.98255065726342
2010-10-13,10.966168436195915
2010-10-14,10.99319125650038
2010-10-15,11.004856834022672
2010-10-18,10.980145283286491
2010-10-19,10.980970024134617
2010-10-20,10.96210150472
2010-10-21,10.987750475336014
2010-10-22,10.976439337665962
2010-10-25,10.98686693687876
2010-10-26,11.019170974108293
2010-10-27,11.045496011364873
2010-10-28,11.031477839987158
2010-10-29,11.051331350862268
2010-11-01,11.076628254751151
2010-11-02,11.08023969230609
2010-11-03,11.074473504660421
2010-11-04,11.070272206267589
2010-11-05,11.123505636178873
2010-11-08,11.136120797805726
2010-11-09,11.162932920437115
2010-11-10,11.204960437700546
2010-11-11,11.146283581119274
2010-11-12,11.14887624642106
2010-11-15,11.114272166589965
2010-11-16,11.129890852583397
2010-11-17,11.070269233504849
2010-11-18,11.089316904534945
2010-11-19,11.151523884573624
2010-11-22,11.161599513453575
2010-11-23,11.135023978804684
2010-11-24,11.145577414736584
2010-11-26,11.151826042604112
2010-11-29,11.122635230520435
2010-11-30,11.149067190986223
2010-12-01,11.15988096737268
2010-12-02,11.202352554438216
2010-12-03,11.244841947574784
2010-12-06,11.25153254197538
2010-12-07,11.225316958866088
2010-12-08,11.208486508920279
2010-12-09,11.194793034302736
2010-12-10,11.214329698811193
2010-12-13,11.199855170724662
2010-12-14,11.22953172538728
2010-12-15,11.249754940721044
2010-12-16,11.22617868475327
2010-12-17,11.213155284347437
2010-12-20,11.208327167555185
2010-12-21,11.2176053381967
2010-12-22,11.228884810506113
2010-12-23,11.231395243289725
2010-12-27,11.235222121924009
2010-12-28,11.247924257988835
2010-12-29,11.274571739221845
2010-12-30,11.28112270977119
2010-12-31,11.271292911150208
2011-01-03,11.295212615979613
2011-01-04,11.289515212026947
2011-01-05,11.24585491086685
2011-01-06,11.258580699334935
2011-01-07,11.239711799769308
2011-01-10,11.231209031010618
2011-01-11,11.222702143943941
2011-01-12,11.272054943893945
2011-01-13,11.299464383797932
2011-01-14,11.306050323743436
2011-01-18,11.273969375166377
2011-01-19,11.304508714224392
2011-01-20,11.314088888429705
2011-01-21,11.308026518403466
2011-01-24,11.309788713937278
2011-01-25,11.309309386069017
2011-01-26,11.265643869568812
2011-01-27,11.297247290447455
2011-01-28,11.306303558672795
2011-01-31,11.310331672840904
2011-02-01,11.31420811785417
2011-02-02,11.31872894065362
2011-02-03,11.300872637163632
2011-02-04,11.31573583592695
2011-02-07,11.30896946118304
2011-02-08,11.313205045763606
2011-02-09,11.338182257621666
2011-02-10,11.320189753189187
2011-02-11,11.314565815803748
2011-02-14,11.306671613951004
2011-02-15,11.331237391723437
2011-02-16,11.338217464703716
2011-02-17,11.335505842088617
2011-02-18,11.341866163170081
2011-02-22,11.360335563623256
2011-02-23,11.290890589212868
2011-02-24,11.254418584553235
2011-02-25,11.263484109347763
2011-02-28,11.273880455671037
2011-03-01,11.289602820889154
2011-03-02,11.311602215218386
2011-03-03,11.31698000100282
2011-03-04,11.305447231412003
2011-03-07,11.29994865255093
2011-03-08,11.272785760714264
2011-03-09,11.271334619656951
2011-03-10,11.26422748258788
2011-03-11,11.242786405807475
2011-03-14,11.244072559411256
2011-03-15,11.218407245921112
2011-03-16,11.155458912836124
2011-03-17,11.162878847830598
2011-03-18,11.181255928266463
2011-03-21,11.200685862147683
2011-03-22,11.215303973496301
2011-03-23,11.2065933494277
2011-03-24,11.224955354369175
2011-03-25,11.227096495666723
2011-03-28,11.224063037349454
2011-03-29,11.21736379399757
2011-03-30,11.22914862779499
2011-03-31,11.23535602389714
2011-04-01,11.249050361501597
2011-04-04,11.258491764693899
2011-04-05,11.27027353982209
2011-04-06,11.281440209284936
2011-04-07,11.26755237530402
2011-04-08,11.263162900729862
2011-04-11,11.284041003603043
2011-04-12,11.272340508270752
2011-04-13,11.247111461251647
2011-04-14,11.243527279330957
2011-04-15,11.257508237414871
2011-04-18,11.246302024284029
2011-04-19,11.203681965864352
2011-04-20,11.1974640574598
2011-04-21,11.24133320895949
2011-04-25,11.249945563419308
2011-04-26,11.23591102299812
2011-04-27,11.230264199551353
2011-04-28,11.235003888857149
2011-04-29,11.260386432250852
2011-05-02,11.281396219121449
2011-05-03,11.266271745907963
2011-05-04,11.266210762979401
2011-05-05,11.212025898438247
2011-05-06,11.163109813135964
2011-05-09,11.180094985604422
2011-05-10,11.197737994766312
2011-05-11,11.200572120388438
2011-05-12,11.172289929445228
2011-05-13,11.179452218922824
2011-05-16,11.161264343165989
2011-05-17,11.175799197514547
2011-05-18,11.174621446543794
2011-05-19,11.211541521041426
2011-05-20,11.192386089692123
2011-05-23,11.208740242987652
2011-05-24,11.201313017633119
2011-05-25,11.207254749221452
2011-05-26,11.225117557161434
2011-05-27,11.238257443587145
2011-05-31,11.239941660473685
2011-06-01,11.26855971594263
2011-06-02,11.260817670946821
2011-06-03,11.249042267175874
2011-06-06,11.274228120332033
2011-06-07,11.289015350102671
2011-06-08,11.302090056447176
2011-06-09,11.294175580628387
2011-06-10,11.314226274645563
2011-06-13,11.308883345580542
2011-06-14,11.284963035451979
2011-06-15,11.277982878421234
2011-06-16,11.254790380277992
2011-06-17,11.238950495068591
2011-06-20,11.21303944653801
2011-06-21,11.22265046352006
2011-06-22,11.250845811314711
2011-06-23,11.250717360914555
2011-06-24,11.20767001617141
2011-06-27,11.196914021386636
2011-06-28,11.18762496596211
2011-06-29,11.206710039685648
2011-06-30,11.229801249651723
2011-07-01,11.23899307807286
2011-07-05,11.231905641496366
2011-07-06,11.261832076841783
2011-07-07,11.251913036717802
2011-07-08,11.27443800605815
2011-07-11,11.258441910950491
2011-07-12,11.243849870211497
2011-07-13,11.246795449480608
2011-07-14,11.271711723972224
2011-07-15,11.265938788460053
2011-07-18,11.26294351511384
2011-07-19,11.28465844597329
2011-07-20,11.286032262206984
2011-07-21,11.278777281291598
2011-07-22,11.303110988654733
2011-07-25,11.294438511689556
2011-07-26,11.29988480621705
2011-07-27,11.338209504947002
2011-07-28,11.326652476137033
2011-07-29,11.322793656751708
2011-08-01,11.322212879373241
2011-08-02,11.32468581176929
2011-08-03,11.320371226722669
2011-08-04,11.274742726779102
2011-08-05,11.219154137666077
2011-08-08,11.212221303296845
2011-08-09,11.190997765029024
2011-08-10,11.205144309074619
2011-08-11,11.18948719729043
2011-08-12,11.204668465349972
2011-08-15,11.224510519017965
2011-08-16,11.217253434583686
2011-08-17,11.235993791654638
2011-08-18,11.262075268145537
2011-08-19,11.226806804146095
2011-08-22,11.220996314032684
2011-08-23,11.251671061380152
2011-08-24,11.24470436820074
2011-08-25,11.211492955411382
2011-08-26,11.23191835117376
2011-08-29,11.235735248142637
2011-08-30,11.230372048345929
2011-08-31,11.268232029365038
2011-09-01,11.277579450418404
2011-09-02,11.275622176507708
2011-09-06,11.265905805405579
2011-09-07,11.215333895393702
2011-09-08,11.230498943750199
2011-09-09,11.24738600642037
2011-09-12,11.20144711674199
2011-09-13,11.164541291881728
2011-09-14,11.200762670995687
2011-09-15,11.180836608908624
2011-09-16,11.189805901847942
2011-09-19,11.20294355556748
2011-09-20,11.165296719925747
2011-09-21,11.18253056026524
2011-09-22,11.170711779686586
2011-09-23,11.087594691982183
2011-09-26,11.065295469085534
2011-09-27,11.041777328128228
2011-09-28,11.089581926621955
2011-09-29,11.050998546347301
2011-09-30,11.037214679054255
2011-10-03,11.022814345720475
2011-10-04,10.983780357341454
2011-10-05,10.930140477679554
2011-10-06,10.955305528166956
2011-10-07,11.009172101688447
2011-10-10,10.970670513086429
2011-10-11,11.035985480128176
2011-10-12,11.002961056735431
2011-10-13,11.022836251816598
2011-10-14,10.985940413835058
2011-10-17,11.043989853069826
2011-10-18,11.02653722999528
2011-10-19,11.035449819535811
2011-10-20,11.011590662262842
2011-10-21,10.96843752545846
2011-10-24,11.041852747228353
2011-10-25,11.066899905650764
2011-10-26,11.087328117694797
2011-10-27,11.072313154612203
2011-10-28,11.11850816982383
2011-10-31,11.107328191762676
2011-11-01,11.078577495016148
2011-11-02,11.054211325388113
2011-11-03,11.084008260908888
2011-11-04,11.102740397851193
2011-11-07,11.086937307734223
2011-11-08,11.101845970756155
2011-11-09,11.126232632957725
2011-11-10,11.081221275990995
2011-11-11,11.077062543923441
2011-11-14,11.104982009599505
2011-11-15,11.102399842327467
2011-11-16,11.107802086087851
2011-11-17,11.084079308335992
2011-11-18,10.992363827500702
2011-11-21,11.013473408409045
2011-11-22,10.970862516515425
2011-11-23,11.013942766767235
2011-11-25,10.984133135512199
2011-11-28,10.948886211638454
2011-11-29,10.97450626296987
2011-11-30,10.975287521278984
2011-12-01,11.030839550410292
2011-12-02,11.05404937539494
2011-12-05,11.078807602449944
2011-12-06,11.075501942454805
2011-12-07,11.119590207231383
2011-12-08,11.137061579193995
2011-12-09,11.115679899817223
2011-12-12,11.139431465893432
2011-12-13,11.094151089478773
2011-12-14,11.104137429382497
2011-12-15,11.0213972690389
2011-12-16,11.037658901329372
2011-12-19,11.04399468389687
2011-12-20,11.028288272959148
2011-12-21,11.051340848066145
2011-12-22,11.057395226708895
2011-12-23,11.09338966769306
2011-12-27,11.108263594336794
2011-12-28,11.106274808093902
2011-12-29,11.071813176406017
2011-12-30,11.034839055499269
2012-01-03,11.100141947147383
2012-01-04,11.102065866633463
2012-01-05,11.08419007000889
2012-01-06,11.070844964220036
2012-01-09,11.016807463100388
2012-01-10,11.033417895046707
2012-01-11,11.062839385721201
2012-01-12,11.076801527618363
2012-01-13,11.066479563824007
2012-01-17,11.056957625227291
2012-01-18,11.095542187676745
2012-01-19,11.111799883527974
2012-01-20,11.126108480543518
2012-01-23,11.11888532076458
2012-01-24,11.14261469071799
2012-01-25,11.124310520066672
2012-01-26,11.149052435620892
2012-01-27,11.147016188680821
2012-01-30,11.139961325241472
2012-01-31,11.138342133668155
2012-02-01,11.134958336054385
2012-02-02,11.15276121292048
2012-02-03,11.16808040511175
2012-02-06,11.167756450358409
2012-02-07,11.16315915430487
2012-02-08,11.16863919074613
2012-02-09,11.178992502696895
2012-02-10,11.169672020072843
2012-02-14,11.157671663202834
2012-02-15,11.133477900758043
2012-02-16,11.131305120664573
2012-02-17,11.153229250725754
2012-02-21,11.135647303758438
2012-02-22,11.175500673396936
2012-02-23,11.183479085003013
2012-02-24,11.18342977575655
2012-02-27,11.171367182499393
2012-02-28,11.164574191159094
2012-02-29,11.189355353717506
2012-03-01,11.1636337046749
2012-03-02,11.180849355567762
2012-03-05,11.17171016296033
2012-03-06,11.164080365535732
2012-03-07,11.106832590040586
2012-03-08,11.137969557759947
2012-03-09,11.156716176738378
2012-03-12,11.170940573746572
2012-03-13,11.159812211045086
2012-03-14,11.168796810227548
2012-03-15,11.149196928476917
2012-03-16,11.171921583823746
2012-03-19,11.155633077011041
2012-03-20,11.167292633760024
2012-03-21,11.14892390994029
2012-03-22,11.13770052751093
2012-03-23,11.075592205448825
2012-03-26,11.099451669220528
2012-03-27,11.111308149605165
2012-03-28,11.099993418592243
2012-03-29,11.074565663513988
2012-03-30,11.073233123010075
2012-04-02,11.090010699243274
2012-04-03,11.09587167735933
2012-04-04,11.096452587749468
2012-04-05,11.049568987445312
2012-04-09,11.07705936729635
2012-04-10,11.07174571254316
2012-04-11,11.060275481310425
2012-04-12,11.061333071570632
2012-04-13,11.09002999752307
2012-04-16,11.076050748762714
2012-04-17,11.083897022307886
2012-04-18,11.10211788831258
2012-04-19,11.091832509419362
2012-04-20,11.103409644447776
2012-04-23,11.124656875784243
2012-04-24,11.111997235617237
2012-04-25,11.105069796323347
2012-04-26,11.087799683125736
2012-04-27,11.119485742233076
2012-04-30,11.130136022082002
2012-05-01,11.130187485334982
2012-05-02,11.12804030512662
2012-05-03,11.109108290529067
2012-05-04,11.097826218470006
2012-05-07,11.08361756105274
2012-05-08,11.077904240953366
2012-05-09,11.034817122497088
2012-05-10,11.023667950118403
2012-05-11,11.028155025137153
2012-05-14,11.005731681496442
2012-05-15,10.992606457459926
2012-05-16,11.005726420822029
2012-05-17,10.990968692514356
2012-05-18,11.013902881076998
2012-05-21,11.00734593020392
2012-05-22,11.021473672737427
2012-05-23,11.03198319305338
2012-05-24,10.985943613273935
2012-05-25,10.984919302408285
2012-05-29,10.989447563033346
2012-05-30,11.015021852966106
2012-05-31,11.013058729496253
2012-06-01,11.026382087015651
2012-06-04,11.025075901407842
2012-06-05,11.024829250245041
2012-06-06,11.0358358754388
2012-06-07,11.057026094801367
2012-06-08,11.04247613403908
2012-06-11,11.020092177035261
2012-06-12,11.045477327471728
2012-06-13,11.041525531984506
2012-06-14,11.040309616873062
2012-06-15,11.060432397621113
2012-06-18,11.050677804193167
2012-06-19,11.056515841538715
2012-06-20,11.049568130623983
2012-06-21,11.033075702030636
2012-06-22,11.015235751813547
2012-06-25,11.01413800472714
2012-06-26,11.014852506265788
2012-06-27,10.990118466675046
2012-06-28,10.966073785877573
2012-06-29,10.938148870453995
2012-07-03,10.98030241945906
2012-07-05,11.002311721150223
2012-07-06,10.975978027332747
2012-07-09,10.968504876684134
2012-07-10,10.976019729608224
2012-07-11,10.961635228737519
2012-07-12,10.974863254620821
2012-07-13,10.958252822223159
2012-07-16,10.980462995113387
2012-07-17,10.963852379029928
2012-07-18,10.975439091674753
2012-07-19,10.963447501706774
2012-07-20,10.978401202697595
2012-07-23,10.960365791922989
2012-07-24,10.952639877067682
2012-07-25,10.935320153158361
2012-07-26,10.94536152997912
2012-07-27,10.952326375213232
2012-07-30,10.954995196719882
2012-07-31,10.986168552008037
2012-08-01,10.987733074477923
2012-08-02,10.972452146079515
2012-08-03,10.945869005299734
2012-08-06,10.968660081353258
2012-08-07,10.968450381686619
2012-08-08,10.98425906747089
2012-08-09,10.979825238343203
2012-08-10,10.980472753689163
2012-08-13,10.971978979247497
2012-08-14,10.958962272130211
2012-08-15,10.966930578444398
2012-08-16,10.965703581561144
2012-08-17,10.976942218677712
2012-08-20,11.014523552762268
2012-08-21,11.015592523469826
2012-08-22,11.044358784151893
2012-08-23,11.052490531998158
2012-08-24,11.098910018327574
2012-08-27,11.086986507623557
2012-08-28,11.092418018680922
2012-08-29,11.066352951943626
2012-08-30,11.061082041845417
2012-08-31,11.027865147060226
2012-09-04,11.052972026094768
2012-09-05,11.071010629983018
2012-09-06,11.078637628087744
2012-09-07,11.079002443467937
2012-09-10,11.090514184316877
2012-09-11,11.118652519755209
2012-09-12,11.11952925187755
2012-09-13,11.126488430835105
2012-09-14,11.141118111058008
2012-09-17,11.155658165801603
2012-09-18,11.138908878157308
2012-09-19,11.106256044501666
2012-09-20,11.117892114489502
2012-09-21,11.097710118314684
2012-09-24,11.116107280704215
2012-09-25,11.073142301111025
2012-09-26,11.068682460925945
2012-09-27,11.043960322322077
2012-09-28,11.061810982849932
2012-10-01,11.069446172984895
2012-10-02,11.076824262922061
2012-10-03,11.090246439066991
2012-10-04,11.095100914449311
2012-10-05,11.121543416262288
2012-10-08,11.101309009474178
2012-10-09,11.092835292476966
2012-10-10,11.095516713771058
2012-10-11,11.081871968213614
2012-10-12,11.084520974623087
2012-10-15,11.064939501804371
2012-10-16,11.055767599191764
2012-10-17,11.067068095565412
2012-10-18,11.089866549039966
2012-10-19,11.077908878171783
2012-10-22,11.038393241468786
2012-10-23,11.04098069053076
2012-10-24,10.990489849791743
2012-10-25,10.992501846463114
2012-10-26,11.013207892490247
2012-10-29,10.995422167562603
2012-10-30,10.986649243077085
2012-10-31,10.998832098124383
2012-11-01,11.021972411504407
2012-11-02,11.024707320245483
2012-11-05,11.002064023378122
2012-11-06,11.009725247544036
2012-11-07,11.038877008712069
2012-11-08,11.020099855771791
2012-11-09,11.028274980490364
2012-11-12,11.021721617454837
2012-11-13,11.017015331227114
2012-11-14,11.066701211973955
2012-11-15,11.070504970025558
2012-11-16,11.052493467210317
2012-11-19,11.046084205791049
2012-11-20,11.078515547808712
2012-11-21,11.064127670654251
2012-11-23,11.086822938143069
2012-11-26,11.113871113900341
2012-11-27,11.101356911818442
2012-11-28,11.11398066110599
2012-11-29,11.121093367331543
2012-11-30,11.139606399956056
2012-12-03,11.139314378161679
2012-12-04,11.144104551307002
2012-12-05,11.130533953100644
2012-12-06,11.13890162275185
2012-12-07,11.152944113053916
2012-12-10,11.15325966732999
2012-12-11,11.16350108305718
2012-12-12,11.150605958252232
2012-12-13,11.158269433172887
2012-12-14,11.14322367373457
2012-12-17,11.160181273266588
2012-12-18,11.153176956123614
2012-12-19,11.142492689719344
2012-12-20,11.154590790444091
2012-12-21,11.125950398085847
2012-12-24,11.131251900817569
2012-12-26,11.134340139649327
2012-12-27,11.146131403373026
2012-12-28,11.169557748157022
2012-12-31,11.15559737944758
2013-01-02,11.161160640137915
2013-01-03,11.167676015167888
2013-01-04,11.150977159785224
2013-01-07,11.138947962320948
2013-01-08,11.11104033792851
2013-01-09,11.109736538303304
2013-01-10,11.141629195270259
2013-01-11,11.160512767398783
2013-01-14,11.157903892666747
2013-01-15,11.160925254789456
2013-01-16,11.17572456323586
2013-01-17,11.193757337425504
2013-01-18,11.191935071862062
2013-01-22,11.187118477052495
2013-01-23,11.197901195082999
2013-01-24,11.191736732195011
2013-01-25,11.19292075946014
2013-01-28,11.213446378560507
2013-01-29,11.211110394129841
2013-01-30,11.224427098413079
2013-01-31,11.225651594438986
2013-02-01,11.217491517560628
2013-02-04,11.233294180601243
2013-02-05,11.233915654018986
2013-02-06,11.244563892484
2013-02-07,11.242658712320939
2013-02-08,11.222665634965358
2013-02-11,11.225910644378049
2013-02-12,11.235644363431257
2013-02-13,11.252576907946402
2013-02-14,11.251936176179862
2013-02-15,11.240904647752417
2013-02-19,11.226504450773524
2013-02-20,11.243628855195315
2013-02-21,11.202457879008495
2013-02-22,11.202076540523263
2013-02-25,11.207582565019628
2013-02-26,11.226958071543015
2013-02-27,11.21181150771758
2013-02-28,11.218224743863109
2013-03-01,11.201962881647235
2013-03-04,11.182722392425996
2013-03-05,11.175437115234208
2013-03-06,11.205244778800461
2013-03-07,11.21084168616405
2013-03-08,11.237134509690335
2013-03-11,11.267795712777806
2013-03-12,11.26058697476037
2013-03-13,11.25613418056719
2013-03-14,11.25081413221864
2013-03-15,11.2505001501679
2013-03-18,11.257111441540543
2013-03-19,11.241846261662037
2013-03-20,11.201246234186712
2013-03-21,11.236349697544355
2013-03-22,11.232258236442712
2013-03-25,11.238988410171153
2013-03-26,11.232800490542973
2013-03-27,11.23879918428693
2013-03-28,11.24784324180373
2013-04-01,11.247172515325863
2013-04-02,11.268374766520326
2013-04-03,11.247454494033569
2013-04-04,11.229601163731909
2013-04-05,11.188331767628265
2013-04-08,11.188812504276436
2013-04-09,11.19728081504828
2013-04-10,11.201243483692148
2013-04-11,11.18350961819776
2013-04-12,11.202659351656873
2013-04-15,11.166504505762225
2013-04-16,11.104464994847568
2013-04-17,11.12615083823861
2013-04-18,11.098719933803332
2013-04-19,11.113426230765235
2013-04-22,11.123698483122382
2013-04-23,11.130447506491539
2013-04-24,11.117041675107712
2013-04-25,11.109033482206884
2013-04-26,11.130589562865357
2013-04-29,11.130161763229067
2013-04-30,11.15594928884889
2013-05-01,11.15249272816084
2013-05-02,11.133225184417945
2013-05-03,11.14709046903299
2013-05-06,11.146365575520521
2013-05-07,11.151921496115852
2013-05-08,11.127080203634774
2013-05-09,11.154247059742245
2013-05-10,11.177079278369938
2013-05-13,11.163076345911328
2013-05-14,11.182273444462744
2013-05-15,11.19343896048783
2013-05-16,11.19560185739358
2013-05-17,11.211798538834232
2013-05-20,11.21042457484839
2013-05-21,11.224992799110003
2013-05-22,11.220673907038364
2013-05-23,11.229100843277498
2013-05-24,11.210195734752283
2013-05-28,11.194070260636314
2013-05-29,11.237459398500887
2013-05-30,11.222848755040078
2013-05-31,11.237507851689534
2013-06-03,11.227753246662237
2013-06-04,11.235324931201388
2013-06-05,11.224184311051735
2013-06-06,11.23181583063862
2013-06-07,11.239402389214737
2013-06-10,11.23761640189015
2013-06-11,11.248529001285561
2013-06-12,11.225746516503627
2013-06-13,11.23284020994563
2013-06-14,11.197162997315461
2013-06-17,11.199133462964964
2013-06-18,11.179881499575934
2013-06-19,11.166942183508798
2013-06-20,11.150117698316954
2013-06-21,11.104239654003788
2013-06-24,11.120204910520169
2013-06-25,11.09405235663128
2013-06-26,11.111404321063258
2013-06-27,11.056665269749772
2013-06-28,11.084438975256077
2013-07-01,11.099265679479814
2013-07-02,11.137314030942349
2013-07-03,11.140003219230982
2013-07-05,11.13534944652848
2013-07-08,11.123615443738244
2013-07-09,11.1494714050246
2013-07-10,11.151922534731154
2013-07-11,11.174935558945311
2013-07-12,11.18062601260628
2013-07-15,11.186987598491035
2013-07-16,11.199528045367641
2013-07-17,11.203934892128471
2013-07-18,11.203622053565134
2013-07-19,11.219778449475916
2013-07-22,11.222770064033702
2013-07-23,11.223286538596414
2013-07-24,11.20911614699347
2013-07-25,11.21706888033265
2013-07-26,11.210272871420397
2013-07-29,11.188423708507866
2013-07-30,11.216741977219641
2013-07-31,11.194685515128002
2013-08-01,11.191703958758422
2013-08-02,11.199304286252918
2013-08-05,11.196063006359138
2013-08-06,11.203536667747084
2013-08-07,11.186732416352253
2013-08-08,11.187069890735758
2013-08-09,11.207540520391731
2013-08-12,11.210858748679117
2013-08-13,11.206331736253391
2013-08-14,11.208048639100404
2013-08-15,11.209960821696301
2013-08-16,11.231280419741394
2013-08-19,11.239502256079895
2013-08-20,11.226752213614187
2013-08-21,11.222145766767278
2013-08-22,11.21853577038161
2013-08-23,11.231714634519408
2013-08-26,11.226273292535957
2013-08-27,11.21994526356584
2013-08-28,11.224267207379171
2013-08-29,11.220260939905017
2013-08-30,11.209633565511794
2013-09-03,11.18793571571961
2013-09-04,11.180214786854622
2013-09-05,11.15303940397863
2013-09-06,11.137393873144074
2013-09-09,11.150893212313028
2013-09-10,11.131358642369326
2013-09-11,11.14511208009124
2013-09-12,11.143002034570769
2013-09-13,11.145168298810296
2013-09-16,11.15402086315446
2013-09-17,11.16362813629312
2013-09-18,11.164912411209597
2013-09-19,11.159583427011398
2013-09-20,11.207042216483295
2013-09-23,11.185582264315377
2013-09-24,11.18011464418206
2013-09-25,11.182596696512922
2013-09-26,11.190160019458618
2013-09-27,11.187310096183525
2013-09-30,11.198363932305979
2013-10-01,11.192346842512316
2013-10-02,11.181239717970302
2013-10-03,11.183934973158932
2013-10-04,11.156003424133884
2013-10-07,11.157568014062582
2013-10-08,11.162176210915145
2013-10-09,11.175313887375458
2013-10-10,11.16096384318233
2013-10-11,11.17222213192647
2013-10-14,11.173373193180934
2013-10-15,11.176144131215164
2013-10-16,11.163938235077415
2013-10-17,11.173782770667364
2013-10-18,11.206238310826084
2013-10-21,11.210104775085028
2013-10-22,11.222816910119864
2013-10-23,11.226418333347135
2013-10-24,11.217807473700494
2013-10-25,11.21995625630183
2013-10-28,11.220213202738803
2013-10-29,11.223527663388847
2013-10-30,11.219199218520272
2013-10-31,11.222296210904938
2013-11-01,11.205760043636888
2013-11-04,11.207464288076684
2013-11-05,11.222178685894606
2013-11-06,11.223456224527933
2013-11-07,11.241473152740008
2013-11-08,11.235124168990925
2013-11-11,11.23346983462462
2013-11-12,11.229137132746775
2013-11-13,11.213217831397676
2013-11-14,11.204022451330673
2013-11-15,11.209646480677682
2013-11-18,11.200258967499463
2013-11-19,11.179003376107389
2013-11-20,11.185302590214537
2013-11-21,11.174681815874756
2013-11-22,11.173631369847262
2013-11-25,11.177779747759685
2013-11-26,11.18563411386425
2013-11-27,11.1807126620425
2013-11-29,11.177414727340654
2013-12-02,11.182444495074515
2013-12-03,11.174258513427272
2013-12-04,11.175998866415885
2013-12-05,11.195205901744547
2013-12-06,11.205660869165026
2013-12-09,11.20510691921958
2013-12-10,11.203642343659325
2013-12-11,11.208072357123429
2013-12-12,11.208348186001468
2013-12-13,11.184262115793741
2013-12-16,11.178237651773612
2013-12-17,11.17818885524688
2013-12-18,11.157516830812964
2013-12-19,11.15487453326246
2013-12-20,11.150483121516642
2013-12-23,11.153788833229285
2013-12-24,11.149662175684293
2013-12-26,11.149324452977668
2013-12-27,11.156567400564233
2013-12-30,11.171869665806653
2013-12-31,11.170756582310936
2014-01-02,11.180700063079767
2014-01-03,11.196861634839813
2014-01-06,11.198524596992119
2014-01-07,11.20799945289202
2014-01-08,11.212340338757475
2014-01-09,11.208091526879047
2014-01-10,11.205688459784419
2014-01-13,11.217887776816351
2014-01-14,11.2105868551743
2014-01-15,11.208960128926279
2014-01-16,11.21543550887162
2014-01-17,11.21562259134298
2014-01-21,11.221561378913707
2014-01-22,11.2212031464925
2014-01-23,11.222201293102003
2014-01-24,11.2185310029565
2014-01-27,11.204143603018665
2014-01-28,11.187678647832527
2014-01-29,11.179123618989372
2014-01-30,11.17169947418228
2014-01-31,11.165680372385022
2014-02-03,11.160578574491737
2014-02-04,11.159752566564421
2014-02-05,11.156230227208857
2014-02-06,11.165557796814037
2014-02-07,11.170212314634037
2014-02-10,11.168304720173376
2014-02-11,11.178850636759222
2014-02-12,11.178690607260995
2014-02-13,11.195288686409537
2014-02-14,11.19855620751945
2014-02-18,11.207080010600647
2014-02-19,11.206821870224289
2014-02-20,11.204528083980575
2014-02-21,11.205667392922896
2014-02-24,11.21332388636243
2014-02-25,11.217628422627165
2014-02-26,11.209025884377196
2014-02-27,11.201930948347842
2014-02-28,11.215386325970103
2014-03-03,11.21654031311311
2014-03-04,11.223706784100976
2014-03-05,11.241367398378303
2014-03-06,11.253334873766152
2014-03-07,11.263842487366356
2014-03-10,11.264953801882044
2014-03-11,11.258936960247354
2014-03-12,11.250881154846345
2014-03-13,11.25893963425599
2014-03-14,11.26140247604251
2014-03-17,11.254378183916927
2014-03-18,11.258153714903049
2014-03-19,11.251980221715646
2014-03-20,11.247856277113945
2014-03-21,11.252054021472295
2014-03-24,11.274061454664269
2014-03-25,11.280702340856083
2014-03-26,11.274825842097695
2014-03-27,11.264506964994787
2014-03-28,11.238302659885383
2014-03-31,11.254302857802212
2014-04-01,11.25895846417961
2014-04-02,11.265121043075776
2014-04-03,11.272435556012656
2014-04-04,11.27395850319023
2014-04-07,11.276285296293718
2014-04-08,11.247516696661613
2014-04-09,11.257250879459606
2014-04-10,11.265855906829364
2014-04-11,11.278080055255174
2014-04-14,11.29607232981786
2014-04-15,11.302103106814252
2014-04-16,11.283217355139325
2014-04-17,11.290783823405414
2014-04-21,11.296772236261221
2014-04-22,11.260817368564473
2014-04-23,11.267479965039765
2014-04-24,11.27049928056506
2014-04-25,11.290604782760845
2014-04-28,11.30173440670347
2014-04-29,11.28930936878759
2014-04-30,11.297792952119632
2014-05-01,11.303502224262779
2014-05-02,11.305588526832349
2014-05-05,11.303505286888782
2014-05-06,11.308309573307072
2014-05-07,11.31055816162366
2014-05-08,11.28473933713824
2014-05-09,11.292656477516893
2014-05-12,11.28795405314716
2014-05-13,11.2981934751111
2014-05-14,11.30857309860813
2014-05-15,11.322536142948488
2014-05-16,11.303724697614395
2014-05-19,11.306625753220775
2014-05-20,11.306987974510543
2014-05-21,11.319024812929404
2014-05-22,11.324625527978924
2014-05-23,11.332971182836236
2014-05-27,11.327009430049996
2014-05-28,11.326252696400491
2014-05-29,11.336798008962624
2014-05-30,11.330090404749388
2014-06-02,11.332033904072693
2014-06-03,11.327827373231617
2014-06-04,11.332444485984356
2014-06-05,11.333227294590342
2014-06-06,11.335842280971711
2014-06-09,11.341397598472328
2014-06-10,11.338618260932735
2014-06-11,11.353277589615663
2014-06-12,11.360043608380032
2014-06-13,11.313647411779547
2014-06-16,11.303937270053652
2014-06-17,11.299832673270489
2014-06-18,11.30838311979259
2014-06-19,11.31563025413794
2014-06-20,11.334339354769735
2014-06-23,11.31565954614125
2014-06-24,11.315643074083871
2014-06-25,11.324468310830099
2014-06-26,11.32809166684223
2014-06-27,11.33144437416543
2014-06-30,11.339042957613897
2014-07-01,11.340631243831856
2014-07-02,11.352662418001122
2014-07-03,11.356232174437709
2014-07-07,11.361388955981795
2014-07-08,11.36924759447275
2014-07-09,11.374021240288009
2014-07-10,11.373817857956096
2014-07-11,11.375006629599318
2014-07-14,11.376757513131142
2014-07-15,11.3732945696077
2014-07-16,11.369222366920074
2014-07-17,11.37828209220832
2014-07-18,11.387567076237358
2014-07-21,11.38490982343844
2014-07-22,11.379941964648841
2014-07-23,11.377327541015541
2014-07-24,11.376517071390303
2014-07-25,11.372841817140326
2014-07-28,11.38292382407694
2014-07-29,11.384117485392474
2014-07-30,11.381393830160885
2014-07-31,11.383171331476477
2014-08-01,11.376090210405762
2014-08-04,11.365710355726906
2014-08-05,11.35395114929513
2014-08-06,11.345947821066773
2014-08-07,11.346336841397852
2014-08-08,11.355403998743743
2014-08-11,11.360521760756123
2014-08-12,11.376595357250578
2014-08-13,11.380522489244207
2014-08-14,11.384843846837743
2014-08-15,11.390324318897992
2014-08-18,11.399364183987297
2014-08-19,11.399381031622767
2014-08-20,11.384067726106773
2014-08-21,11.370359824175274
2014-08-22,11.382500989357379
2014-08-25,11.392685412618805
2014-08-26,11.395894823791098
2014-08-27,11.394519184871479
2014-08-28,11.39915033676302
2014-08-29,11.403096385788578
2014-09-02,11.415556462848098
2014-09-03,11.387768460018927
2014-09-04,11.378841711685455
2014-09-05,11.395001824285375
2014-09-08,11.396266995867187
2014-09-09,11.390627872951558
2014-09-10,11.362327417909528
2014-09-11,11.348390234048889
2014-09-12,11.329875722448536
2014-09-15,11.3324118890185
2014-09-16,11.333426951587139
2014-09-17,11.34186808628385
2014-09-18,11.336152188971338
2014-09-19,11.327520387873893
2014-09-22,11.304741089457162
2014-09-23,11.292978473035626
2014-09-24,11.307318223248041
2014-09-25,11.312836253347001
2014-09-26,11.292389689725582
2014-09-29,11.268861368582415
2014-09-30,11.27536437221364
2014-10-01,11.25802376745558
2014-10-02,11.269035527204956
2014-10-03,11.2498388343709
2014-10-06,11.231543196078295
2014-10-07,11.245454833639464
2014-10-08,11.271664768284039
2014-10-09,11.284143379374902
2014-10-10,11.289036987879975
2014-10-13,11.270449973585734
2014-10-14,11.271026007537086
2014-10-15,11.282158374920451
2014-10-16,11.244660163277775
2014-10-17,11.220317439498315
2014-10-20,11.23335333470381
2014-10-21,11.240653928045349
2014-10-22,11.25803811364092
2014-10-23,11.25927947690548
2014-10-24,11.262602935364901
2014-10-27,11.264585991681217
2014-10-28,11.272348808835668
2014-10-29,11.28024637002257
2014-10-30,11.289098529385779
2014-10-31,11.26492980643912
2014-11-03,11.278041061000524
2014-11-04,11.293440153986928
2014-11-05,11.277061278475045
2014-11-06,11.235588439970448
2014-11-07,11.228398216126047
2014-11-10,11.253618264892532
2014-11-11,11.246191630077432
2014-11-12,11.254156992636874
2014-11-13,11.255454191108086
2014-11-14,11.251970519391909
2014-11-17,11.252571818866397
2014-11-18,11.249249469510678
2014-11-19,11.259258186158508
2014-11-20,11.251026629208651
2014-11-21,11.247401928140508
2014-11-24,11.283291512988843
2014-11-25,11.27838850161826
2014-11-26,11.284567975544329
2014-11-28,11.29151971340697
2014-12-01,11.304577193520984
2014-12-02,11.298653506759171
2014-12-03,11.293360579927919
2014-12-04,11.28580202806018
2014-12-05,11.291195150386713
2014-12-08,11.292011213762498
2014-12-09,11.286116378054885
2014-12-10,11.30253539256283
2014-12-11,11.314442210610267
2014-12-12,11.312577115373928
2014-12-15,11.308900510813801
2014-12-16,11.292090999473155
2014-12-17,11.269104545931054
2014-12-18,11.26290692798396
2014-12-19,11.27889911922257
2014-12-22,11.294817972121521
2014-12-23,11.307195318422032
2014-12-24,11.305845367816046
2014-12-26,11.298271917505705
2014-12-29,11.311334828722723
2014-12-31,11.303429713647231
2015-01-02,11.28680407535179
2015-01-05,11.282417051018498
2015-01-06,11.280311084388616
2015-01-07,11.289055201018543
2015-01-08,11.27942781871466
2015-01-09,11.280198243607794
2015-01-12,11.288821924148097
2015-01-13,11.305752455012557
2015-01-14,11.307899856616928
2015-01-15,11.265394111259855
2015-01-16,11.246762083773458
2015-01-20,11.231191913403828
2015-01-21,11.262220605257275
2015-01-22,11.249263824688374
2015-01-23,11.254232173182647
2015-01-26,11.25654521536487
2015-01-27,11.26624250256095
2015-01-28,11.265019699158081
2015-01-29,11.284142045833638
2015-01-30,11.25397794226928
2015-02-02,11.254470634910204
2015-02-03,11.273765212567852
2015-02-04,11.271660896082821
2015-02-05,11.276769984658436
2015-02-06,11.28356996643371
2015-02-09,11.266075828432284
2015-02-10,11.263695862878675
2015-02-11,11.246275442443562
2015-02-12,11.247034039937319
2015-02-13,11.255950555453786
2015-02-17,11.281685235513507
2015-02-18,11.26847022880728
2015-02-19,11.259990574910034
2015-02-20,11.272435383408064
2015-02-23,11.265254360780812
2015-02-24,11.273428104571067
2015-02-25,11.278362776620636
2015-02-26,11.300005997594866
2015-02-27,11.302384282296083
2015-03-02,11.312439223067699
2015-03-03,11.326154961952437
2015-03-04,11.327056409515796
2015-03-05,11.325906316369643
2015-03-06,11.31942881190721
2015-03-09,11.311278937767637
2015-03-10,11.316737347277442
2015-03-11,11.294707737591462
2015-03-12,11.27639287997176
2015-03-13,11.272988315542124
2015-03-16,11.27506203466355
2015-03-17,11.264545089927129
2015-03-18,11.242019472235024
2015-03-19,11.244634302805114
2015-03-20,11.246059628220946
2015-03-23,11.262846947074117
2015-03-24,11.252525785051969
2015-03-25,11.243546666177197
2015-03-26,11.24559231996012
2015-03-27,11.255651981622114
2015-03-30,11.214513909655837
2015-03-31,11.19785446586086
2015-04-01,11.206169233250257
2015-04-02,11.223889050443665
2015-04-06,11.220858300683139
2015-04-07,11.249342771129724
2015-04-08,11.250128792456046
2015-04-09,11.233354022731804
2015-04-10,11.241534875181536
2015-04-13,11.25882396352586
2015-04-14,11.25327197775006
2015-04-15,11.242067570511688
2015-04-16,11.247487806441825
2015-04-17,11.26337776408287
2015-04-20,11.26754429965455
2015-04-21,11.254595261109625
2015-04-22,11.257059620194719
2015-04-23,11.233725692762302
2015-04-24,11.250830025339129
2015-04-27,11.251631396725427
2015-04-28,11.266741765546778
2015-04-29,11.265485136334265
2015-04-30,11.269892627481086
2015-05-01,11.259851649485167
2015-05-04,11.256223270021405
2015-05-05,11.267155032696465
2015-05-06,11.282367710813842
2015-05-07,11.279851666902916
2015-05-08,11.271235371231278
2015-05-11,11.291467219626268
2015-05-12,11.265203733121766
2015-05-13,11.270459967038228
2015-05-14,11.27577804422808
2015-05-15,11.263843820164556
2015-05-18,11.282309626230864
2015-05-19,11.280492098201593
2015-05-20,11.258673666775762
2015-05-21,11.260237023941176
2015-05-22,11.259366219261919
2015-05-26,11.270820061791145
2015-05-27,11.265854119381544
2015-05-28,11.271144258735777
2015-05-29,11.27129617899044
2015-06-01,11.260739418999174
2015-06-02,11.255186437418704
2015-06-03,11.24981518699431
2015-06-04,11.236328568734368
2015-06-05,11.23272025239969
2015-06-08,11.227080313441025
2015-06-09,11.217654343919163
2015-06-10,11.212505586672671
2015-06-11,11.217258485026196
2015-06-12,11.21640822323883
2015-06-15,11.210166037623134
2015-06-16,11.204789314241113
2015-06-17,11.203014463641924
2015-06-18,11.186292203026271
2015-06-19,11.184057013067997
2015-06-22,11.168564480951412
2015-06-23,11.151770722220778
2015-06-24,11.152126027183112
2015-06-25,11.152407788023297
2015-06-26,11.1279976168176
2015-06-29,11.127421190389798
2015-06-30,11.108671095301009
2015-07-01,11.11864244484892
2015-07-02,11.160819218647658
2015-07-06,11.149580123323076
2015-07-07,11.12296788417268
2015-07-08,11.086758727474491
2015-07-09,11.089705554979574
2015-07-10,11.064705270097464
2015-07-13,11.085299796499488
2015-07-14,11.0981718812423
2015-07-15,11.094819787783777
2015-07-16,11.072446375980508
2015-07-17,11.05519363797259
2015-07-20,11.03406120919571
2015-07-21,11.022966047817839
2015-07-22,11.052742749388694
2015-07-23,11.047161741710456
2015-07-24,11.032395234463102
2015-07-27,11.040933324332007
2015-07-28,11.02451383488518
2015-07-29,11.039556004454536
2015-07-30,11.028728529839437
2015-07-31,11.037485970995263
2015-08-03,11.020612902963913
2015-08-04,11.007953758097543
2015-08-05,11.000418338304824
2015-08-06,10.990783112278354
2015-08-07,11.00310803368372
2015-08-10,10.997458460564973
2015-08-11,11.013977157540117
2015-08-12,11.001213389422139
2015-08-13,11.042380268773774
2015-08-14,11.02862892543297
2015-08-17,11.031934315515647
2015-08-18,11.02568829981426
2015-08-19,10.9971798429337
2015-08-20,11.019500760903313
2015-08-21,11.041699336568296
2015-08-24,11.00978335056659
2015-08-25,10.958454242552836
2015-08-26,10.89985904655884
2015-08-27,10.89162242950455
2015-08-28,10.952586459441525
2015-08-31,10.989718028389321
2015-09-01,11.008867171946171
2015-09-02,10.964321264443324
2015-09-03,10.976112211426141
2015-09-04,10.97156689035522
2015-09-08,10.963683273970092
2015-09-09,10.981987300399652
2015-09-10,10.964222204295858
2015-09-11,10.992772477719916
2015-09-14,10.98766244689958
2015-09-15,10.982117199002833
2015-09-16,11.005615479659156
2015-09-17,11.024405258152415
2015-09-18,10.999841943423274
2015-09-21,11.022935228585172
2015-09-22,11.030292550048832
2015-09-23,11.020440715383842
2015-09-24,11.081658743261487
2015-09-25,11.094086255337492
2015-09-28,11.111335431217759
2015-09-29,11.083600558388538
2015-09-30,11.095975802911687
2015-10-01,11.083676333008283
2015-10-02,11.13085715214665
2015-10-05,11.155583194694037
2015-10-06,11.140036385242981
2015-10-07,11.170246435961735
2015-10-08,11.154977106770595
2015-10-09,11.161868410374566
2015-10-12,11.168914064237702
2015-10-13,11.14747320497042
2015-10-14,11.134808432224911
2015-10-15,11.16007867662169
2015-10-16,11.16422579606375
2015-10-19,11.155247497110855
2015-10-20,11.138558119482052
2015-10-21,11.150448782242538
2015-10-22,11.121726444953568
2015-10-23,11.13742028471079
2015-10-26,11.148963007124664
2015-10-27,11.132568895028658
2015-10-28,11.125760863838618
2015-10-29,11.137882458139812
2015-10-30,11.112857648956087
2015-11-02,11.124879452552731
2015-11-03,11.08085056948893
2015-11-04,11.073447855379904
2015-11-05,11.039246919048718
2015-11-06,11.011671577541822
2015-11-09,11.025623450939117
2015-11-10,10.996106471484614
2015-11-11,10.999766245161206
2015-11-12,10.961488923832572
2015-11-13,10.929155014802307
2015-11-16,10.892843244330452
2015-11-17,10.92050621755288
2015-11-18,10.908339533558348
2015-11-19,10.880071064660127
2015-11-20,10.90041165117017
2015-11-23,10.93501393970742
2015-11-24,10.898072184161437
2015-11-25,10.90154235201165
2015-11-27,10.920573180954115
2015-11-30,10.916562793635014
2015-12-01,10.902143313876298
2015-12-02,10.895172920613755
2015-12-03,10.868442767663346
2015-12-04,10.892561503314504
2015-12-07,10.95021264449881
2015-12-08,10.923891059221358
2015-12-09,10.910984769224722
2015-12-10,10.92055501707957
2015-12-11,10.900018060298896
2015-12-14,10.906474178302963
2015-12-15,10.913694654276373
2015-12-16,10.94839040785372
2015-12-17,10.955467833447324
2015-12-18,10.927444314998652
2015-12-21,10.932184502094218
2015-12-22,10.92112650937445
2015-12-23,10.924331570926801
2015-12-28,10.921283543435877
2015-12-29,10.919027949578812
2015-12-30,10.927708599440818
2015-12-31,10.912800873655756
2016-01-04,10.938881285578589
2016-01-05,10.903209852099344
2016-01-06,10.888432449683044
2016-01-07,10.838358664792255
2016-01-08,10.82518573578888
2016-01-11,10.830944117569844
2016-01-12,10.779443509929928
2016-01-13,10.777875619736989
2016-01-14,10.820480031088604
2016-01-15,10.82330689458417
2016-01-19,10.814525998668742
2016-01-20,10.843697447598545
2016-01-21,10.814719524549783
2016-01-22,10.81921778835033
2016-01-25,10.819516997570188
2016-01-26,10.81818297580174
2016-01-27,10.827482207725824
2016-01-28,10.82559536755757
2016-01-29,10.820562148338764
2016-02-01,10.81763777539204
2016-02-02,10.824916216180712
2016-02-03,10.813261171279175
2016-02-04,10.852886466844074
2016-02-05,10.850626427284272
2016-02-08,10.81559408691427
2016-02-09,10.856963537132838
2016-02-10,10.853031777947285
2016-02-11,10.868826066910476
2016-02-12,10.86780146283474
2016-02-16,10.872870115443225
2016-02-17,10.83783454273295
2016-02-18,10.85169557015926
2016-02-19,10.829009519874056
2016-02-22,10.817635876460546
2016-02-23,10.818371761727445
2016-02-24,10.820629656200158
2016-02-25,10.807995157449334
2016-02-26,10.806020764394924
2016-02-29,10.799542772087467
2016-03-01,10.811840276956834
2016-03-02,10.855916523330116
2016-03-03,10.850031484111774
2016-03-04,10.902985334677972
2016-03-07,10.940708048540397
2016-03-08,10.965963928152194
2016-03-09,10.944997432756276
2016-03-10,10.944691731367174
2016-03-11,10.959083889276679
2016-03-14,10.969264849781844
2016-03-15,10.955764619184304
2016-03-16,10.952560398122714
2016-03-17,10.965130851324426
2016-03-18,11.000935376392793
2016-03-21,10.985328255289046
2016-03-22,11.008659770450672
2016-03-23,11.012186128914703
2016-03-24,10.972585592701837
2016-03-28,10.955393765539467
2016-03-29,10.94574387178395
2016-03-30,10.957661964622773
2016-03-31,10.944451958680414
2016-04-01,10.940747460130043
2016-04-04,10.935140142029208
2016-04-05,10.919421851151425
2016-04-06,10.903418201112181
2016-04-07,10.893070539867644
2016-04-08,10.885439492155246
2016-04-11,10.895415511779161
2016-04-12,10.908253850459527
2016-04-13,10.904930241550954
2016-04-14,10.901948855152382
2016-04-15,10.937167623771272
2016-04-18,10.949114658528444
2016-04-19,10.947978942591911
2016-04-20,10.974017062739055
2016-04-21,10.999377680878444
2016-04-22,11.020632470128893
2016-04-25,11.0125178583936
2016-04-26,11.01200760055613
2016-04-27,11.010115685875517
2016-04-28,11.019279145772504
2016-04-29,11.044012518186245
2016-05-02,11.047992554759656
2016-05-03,11.042793241442311
2016-05-04,11.015707383548422
2016-05-05,10.99557508957551
2016-05-06,11.004583806412576
2016-05-09,11.01547642148896
2016-05-10,10.973200633227757
2016-05-11,10.99084053185609
2016-05-12,11.017840978697855
2016-05-13,10.99594896158901
2016-05-16,10.989723936345568
2016-05-17,10.987637182701492
2016-05-18,10.976157628875425
2016-05-19,10.967801133900561
2016-05-20,10.928695981758162
2016-05-23,10.93505233511883
2016-05-24,10.917248821290988
2016-05-25,10.893794685036275
2016-05-26,10.87966674301088
2016-05-27,10.906153153344038
2016-05-31,10.89506747512855
2016-06-01,10.91240069729256
2016-06-02,10.909986882533396
2016-06-03,10.885698617746042
2016-06-06,10.9167152519417
2016-06-07,10.929504689742354
2016-06-08,10.9192901968832
2016-06-09,10.937470714860414
2016-06-10,10.935078151636025
2016-06-13,10.906946620037338
2016-06-14,10.9085588028461
2016-06-15,10.888550809475971
2016-06-16,10.883423203704146
2016-06-17,10.88859561769337
2016-06-20,10.877641597194657
2016-06-21,10.915543649740469
2016-06-22,10.91867846374579
2016-06-23,10.93939325412387
2016-06-24,10.944842347576245
2016-06-27,10.907153797681252
2016-06-28,10.930871044189484
2016-06-29,10.953081459159248
2016-06-30,10.989358450070768
2016-07-01,10.999191859040298
2016-07-05,11.01319628378966
2016-07-06,11.006917767464936
2016-07-07,11.016085778396816
2016-07-08,11.023831493143968
2016-07-11,11.031529617163738
2016-07-12,11.045862908449628
2016-07-13,11.050228248780348
2016-07-14,11.075373907987482
2016-07-15,11.085031170105285
2016-07-18,11.078167634133264
2016-07-19,11.076480138631185
2016-07-20,11.093676877716414
2016-07-21,11.123722791067042
2016-07-22,11.136335739520122
2016-07-25,11.136306875992643
2016-07-26,11.140543890773316
2016-07-27,11.146498543463919
2016-07-28,11.163025008650234
2016-07-29,11.153716311268143
2016-08-01,11.171291447796364
2016-08-02,11.179727148729304
2016-08-03,11.181246531944742
2016-08-04,11.175373032014974
2016-08-05,11.163971809186434
2016-08-08,11.150012235802485
2016-08-09,11.146437321994748
2016-08-10,11.14835686295819
2016-08-11,11.19680267321836
2016-08-12,11.14122148361922
2016-08-15,11.143277354416144
2016-08-16,11.145320960454447
2016-08-17,11.164732395099135
2016-08-18,11.14309598417548
2016-08-19,11.177087359891463
2016-08-22,11.169053588669788
2016-08-23,11.14648260325508
2016-08-24,11.159373722955223
2016-08-25,11.132415260667594
2016-08-26,11.138546324905816
2016-08-29,11.147836668683386
2016-08-30,11.1556045268683
2016-08-31,11.12311820661648
2016-09-01,11.112129802647443
2016-09-02,11.099783529335339
2016-09-06,11.119057596799786
2016-09-07,11.159657002204932
2016-09-08,11.138413628325775
2016-09-09,11.138861888190137
2016-09-12,11.12595022738647
2016-09-13,11.09096187316321
2016-09-14,11.091872712352629
2016-09-15,11.092477897345262
2016-09-16,11.092603737088892
2016-09-19,11.117509998862262
2016-09-20,11.13752364260062
2016-09-21,11.132171390418849
2016-09-22,11.133029545890935
2016-09-23,11.157876019910946
2016-09-26,11.165533294701179
2016-09-27,11.149835946150237
2016-09-28,11.157950329599531
2016-09-29,11.17721661797143
2016-09-30,11.183690600539638
2016-10-03,11.186257263887782
2016-10-04,11.17199986692121
2016-10-05,11.154504829902494
2016-10-06,11.11888497114287
2016-10-07,11.10610885309432
2016-10-10,11.10882118465018
2016-10-11,11.110493377114524
2016-10-12,11.077909119321003
2016-10-13,11.081243850253431
2016-10-14,11.061031852025998
2016-10-17,11.080940912330938
2016-10-18,11.06270467434431
2016-10-19,11.066194316085983
2016-10-20,11.059672341664031
2016-10-21,11.055646922228808
2016-10-24,11.03575542327813
2016-10-25,11.053349556797345
2016-10-26,11.059270029489744
2016-10-27,11.035999231545484
2016-10-28,11.023986000311428
2016-10-31,11.029917831200505
2016-11-01,11.032448908674157
2016-11-02,11.059240788310934
2016-11-03,11.058431455414233
2016-11-04,11.030186907592197
2016-11-07,11.043750067037225
2016-11-08,11.094499790416714
2016-11-09,11.106332845924207
2016-11-10,11.130564016380864
2016-11-14,11.152154730970873
2016-11-15,11.152712763273751
2016-11-16,11.165042822538604
2016-11-17,11.183309274937137
2016-11-18,11.19800276285811
2016-11-21,11.19441893595513
2016-11-22,11.192844197799463
2016-11-23,11.218935170785969
2016-11-25,11.20853704761883
2016-11-28,11.215431239509135
2016-11-29,11.236248109660142
2016-11-30,11.244968099072876
2016-12-01,11.254626452837597
2016-12-02,11.224958100167305
2016-12-05,11.218084372143093
2016-12-06,11.21928027170724
2016-12-07,11.202543745341734
2016-12-08,11.201111816342008
2016-12-09,11.210366603826156
2016-12-12,11.204001251315885
2016-12-13,11.193591103461289
2016-12-14,11.198717366677077
2016-12-15,11.201220830101361
2016-12-16,11.161460539259581
2016-12-19,11.151437121938319
2016-12-20,11.123548419899747
2016-12-21,11.113037832954323
2016-12-22,11.096372231098826
2016-12-23,11.092164056984588
2016-12-27,11.08962444118738
2016-12-28,11.119998932415594
2016-12-29,11.106943889853845
2016-12-30,11.121621583421637
2017-01-03,11.132494459707686
2017-01-04,11.172173441032204
2017-01-05,11.21202818773772
2017-01-06,11.208301573974722
2017-01-09,11.23726228847303
2017-01-10,11.233446014200824
2017-01-11,11.244987537828383
2017-01-12,11.228287570847868
2017-01-13,11.245466940816799
2017-01-17,11.221789087333798
2017-01-18,11.228738623018105
2017-01-19,11.225429941118874
2017-01-20,11.225852315321093
2017-01-23,11.277200035936607
2017-01-24,11.25092425029229
2017-01-25,11.285096475289562
2017-01-26,11.202316271820079
2017-01-27,11.189221594066385
2017-01-30,11.209964741709207
2017-01-31,11.20881914701432
2017-02-01,11.230921560472698
2017-02-02,11.241668053092072
2017-02-03,11.235851247996353
2017-02-06,11.222205224042439
2017-02-07,11.257577564748491
2017-02-08,11.242547622676208
2017-02-09,11.250454813281815
2017-02-10,11.253867091925263
2017-02-13,11.267780865086829
2017-02-14,11.256184835506087
2017-02-15,11.264717011897213
2017-02-16,11.271431744081598
2017-02-17,11.280433727537481
2017-02-21,11.26134774109485
2017-02-22,11.26168717916866
2017-02-23,11.250086861698277
2017-02-24,11.256482469164023
2017-02-27,11.253971648086111
2017-02-28,11.27014548915061
2017-03-01,11.251647495529424
2017-03-02,11.262180379841366
2017-03-03,11.249411726206116
2017-03-06,11.24719891030533
2017-03-07,11.254626540652042
2017-03-08,11.25675816035505
2017-03-09,11.250582051666306
2017-03-10,11.220364019363974
2017-03-13,11.21764650621168
2017-03-14,11.230538975996016
2017-03-15,11.212439351801654
2017-03-16,11.218408338426794
2017-03-17,11.247115152251007
2017-03-20,11.258235362088985
2017-03-21,11.265518521865438
2017-03-22,11.273190731458783
2017-03-23,11.275292892324542
2017-03-24,11.28916330285776
2017-03-27,11.305546215171367
2017-03-28,11.280625305243682
2017-03-29,11.27926399460818
2017-03-30,11.276100522754296
2017-03-31,11.28569724869501
2017-04-03,11.286187980038125
2017-04-04,11.29181431231606
2017-04-05,11.297257565475304
2017-04-06,11.298168705243251
2017-04-07,11.293401785597242
2017-04-10,11.293009185549728
2017-04-11,11.275204954195699
2017-04-12,11.29305103871207
2017-04-13,11.283512750085597
2017-04-17,11.283302775284849
2017-04-18,11.273706649756269
2017-04-19,11.250843872351767
2017-04-20,11.257905126435874
2017-04-21,11.293533117756004
2017-04-24,11.276223204092387
2017-04-25,11.283035118529133
2017-04-26,11.284301832667612
2017-04-27,11.295260446075783
2017-04-28,11.304895399278502
2017-05-01,11.321914184623063
2017-05-02,11.30572880374125
2017-05-03,11.305246449081364
2017-05-04,11.286819151307142
2017-05-05,11.289329886882639
2017-05-08,11.305212315983399
2017-05-09,11.29489132462809
2017-05-10,11.279909751996009
2017-05-11,11.288043793046652
2017-05-12,11.287103492924773
2017-05-15,11.293109092484531
2017-05-16,11.28431837788683
2017-05-17,11.278156077912534
2017-05-18,11.258623868231933
2017-05-19,11.2439034512573
2017-05-22,11.238091652606577
2017-05-23,11.234911196715602
2017-05-24,11.253616303764774
2017-05-25,11.23829371228794
2017-05-26,11.248949920730444
2017-05-30,11.272894787623901
2017-05-31,11.292756869991258
2017-06-01,11.309000384336057
2017-06-02,11.317368618359676
2017-06-05,11.330832721398275
2017-06-06,11.339932926589622
2017-06-07,11.347647673384621
2017-06-08,11.321922696022423
2017-06-09,11.346124220612403
2017-06-12,11.35692562858583
2017-06-13,11.36626352507626
2017-06-14,11.357646637591342
2017-06-15,11.353473897305253
2017-06-16,11.358821296744281
2017-06-19,11.367959609337921
2017-06-20,11.355312990911504
2017-06-21,11.369970631865751
2017-06-22,11.380482272150354
2017-06-23,11.384808517244759
2017-06-26,11.355941338847995
2017-06-27,11.366086377402432
2017-06-28,11.358829032770968
2017-06-29,11.35456530691251
2017-06-30,11.34427480169221
2017-07-03,11.332989221219536
2017-07-05,11.340760397743207
2017-07-06,11.330531774207806
2017-07-07,11.328161395016847
2017-07-10,11.327030577515153
2017-07-11,11.334713210022223
2017-07-12,11.346123408905939
2017-07-13,11.363638111929289
2017-07-14,11.354650477501902
2017-07-17,11.357456530520238
2017-07-18,11.367937439302565
2017-07-19,11.366141027617966
2017-07-20,11.359887038818096
2017-07-21,11.346021105996568
2017-07-24,11.342596857205107
2017-07-25,11.348519914172961
2017-07-26,11.357904652678982
2017-07-27,11.364770710463162
2017-07-28,11.381275623886385
2017-07-31,11.384460923573277
2017-08-01,11.390520053890096
2017-08-02,11.399656323262938
2017-08-03,11.397829233669535
2017-08-04,11.384669854159363
2017-08-07,11.377865785277223
2017-08-08,11.390502309004619
2017-08-09,11.40549778381599
2017-08-10,11.397149750345497
2017-08-11,11.403681183873372
2017-08-14,11.400613887440601
2017-08-15,11.404863803452123
2017-08-16,11.397459354179617
2017-08-17,11.418971781766261
2017-08-18,11.436315696274617
2017-08-21,11.43649384983634
2017-08-22,11.449964571628248
2017-08-23,11.434099390786987
2017-08-24,11.436280503014736
2017-08-25,11.440384235947214
2017-08-28,11.435517977101114
2017-08-29,11.442359783900235
2017-08-30,11.454595681444538
2017-08-31,11.440633555656525
2017-09-01,11.442148975651705
2017-09-05,11.489935671529931
2017-09-06,11.468216179917542
2017-09-07,11.441386331160004
2017-09-08,11.459956463954557
2017-09-11,11.440827157013619
2017-09-12,11.441449518617038
2017-09-13,11.45417046074452
2017-09-14,11.443584526954798
2017-09-15,11.42243804576246
2017-09-18,11.430874407645135
2017-09-19,11.44038711991372
2017-09-20,11.411288329699318
2017-09-21,11.418194822202258
2017-09-22,11.419774091876663
2017-09-25,11.428975742627031
2017-09-26,11.417696799466045
2017-09-27,11.423055706726236
2017-09-28,11.43519773184608
2017-09-29,11.437615527635304
2017-10-02,11.447442968586563
2017-10-03,11.419270174435685
2017-10-04,11.425794673236137
2017-10-05,11.428787208412034
2017-10-06,11.44717268104975
2017-10-09,11.427865527816998
2017-10-10,11.43790835208489
2017-10-11,11.443979146429268
2017-10-12,11.470973823024721
2017-10-13,11.486195328853094
2017-10-16,11.49829140596544
2017-10-17,11.488613755890077
2017-10-18,11.488376337467361
2017-10-19,11.464121105738036
2017-10-20,11.464271920647539
2017-10-23,11.482359996462693
2017-10-24,11.460970304872038
2017-10-25,11.473197905889101
2017-10-26,11.469798265644494
2017-10-27,11.480356995029231
2017-10-30,11.469844925402837
2017-10-31,11.474635715243844
2017-11-01,11.491892946436007
2017-11-02,11.511191540170374
2017-11-03,11.5066117923863
2017-11-06,11.504083081230906
2017-11-07,11.507772799493077
2017-11-08,11.506650124465967
2017-11-09,11.528582915040548
2017-11-10,11.51681202020091
2017-11-13,11.50568793350666
2017-11-14,11.50158820296198
2017-11-15,11.497963361708885
2017-11-16,11.495899745286566
2017-11-17,11.500068322731458
2017-11-20,11.505579035199172
2017-11-21,11.495732069270424
2017-11-22,11.506225552576616
2017-11-24,11.511276958659021
2017-11-27,11.504900631209576
2017-11-28,11.512827456738968
2017-11-29,11.532940403968562
2017-11-30,11.520544361211169
2017-12-01,11.5155411392322
2017-12-04,11.528362718699311
2017-12-05,11.504099377854903
2017-12-06,11.48893949965848
2017-12-07,11.499513152394066
2017-12-08,11.515337972785643
2017-12-11,11.508459293081225
2017-12-12,11.513215477659676
2017-12-13,11.515450948897449
2017-12-14,11.516365642236584
2017-12-15,11.537270304012923
2017-12-18,11.528034709555438
2017-12-19,11.524707095963937
2017-12-20,11.529947461529465
2017-12-21,11.532440595549051
2017-12-22,11.541581582901308
2017-12-26,11.54261684108315
2017-12-27,11.55527050442922
2017-12-28,11.566738407402772
2017-12-29,11.570745111559932
2018-01-02,11.565889751904237
2018-01-03,11.597152870717384
2018-01-04,11.588322768127261
2018-01-05,11.601370137336412
2018-01-08,11.595631545134738
2018-01-09,11.602845344009584
2018-01-10,11.603247499269745
2018-01-11,11.58871081123832
2018-01-12,11.58729024671811
2018-01-16,11.624275898701839
2018-01-17,11.597791913463876
2018-01-18,11.615228227989544
2018-01-19,11.602359593978738
2018-01-22,11.605828509996265
2018-01-23,11.601398225020807
2018-01-24,11.59603694917745
2018-01-25,11.612486903754911
2018-01-26,11.59762601405538
2018-01-29,11.59326058449975
2018-01-30,11.5908733588676
2018-01-31,11.563482351850748
2018-02-01,11.538435741595613
2018-02-02,11.546059316336114
2018-02-05,11.5535715110081
2018-02-06,11.53741244177186
2018-02-07,11.513603473274914
2018-02-08,11.493966076051963
2018-02-09,11.467930682556027
2018-02-12,11.48505022628606
2018-02-13,11.489692909949328
2018-02-14,11.492146129118314
2018-02-15,11.508940900715597
2018-02-16,11.524832523663036
2018-02-20,11.547123893525308
2018-02-21,11.538623786418617
2018-02-22,11.532954440021312
2018-02-23,11.543484671240009
2018-02-26,11.551450701338299
2018-02-27,11.564586279061752
2018-02-28,11.540620739400667
2018-03-01,11.546991691571929
2018-03-02,11.494780971365433
2018-03-05,11.498731383302381
2018-03-06,11.49038319274745
2018-03-07,11.49204020775667
2018-03-08,11.474637547937371
2018-03-09,11.483362985299005
2018-03-12,11.503101357944187
2018-03-13,11.479106612475155
2018-03-14,11.503209152966235
2018-03-15,11.496423155187305
2018-03-16,11.494131478889054
2018-03-19,11.502761791983163
2018-03-20,11.495659130900249
2018-03-21,11.488290005072288
2018-03-22,11.496456652093377
2018-03-23,11.490666409212249
2018-03-26,11.480796698423534
2018-03-27,11.481715955058966
2018-03-28,11.478201592949642
2018-03-29,11.47431074283733
2018-04-02,11.458860619536411
2018-04-03,11.43661286561751
2018-04-04,11.436957232085602
2018-04-05,11.431327180072689
2018-04-06,11.40786793300494
2018-04-09,11.405199385690521
2018-04-10,11.441458089690878
2018-04-11,11.454378154571286
2018-04-12,11.46785973256496
2018-04-13,11.470604957798841
2018-04-16,11.492730007631096
2018-04-17,11.515238189500916
2018-04-18,11.516680133252235
2018-04-19,11.545978981176926
2018-04-20,11.534799563818105
2018-04-23,11.531028511229541
2018-04-24,11.49182615747777
2018-04-25,11.479878970780561
2018-04-26,11.478902205514782
2018-04-27,11.489308296656468
2018-04-30,11.474593059962116
2018-05-01,11.471829310473215
2018-05-02,11.450431501175503
2018-05-03,11.464589403179028
2018-05-04,11.46796855034982
2018-05-07,11.468195643773894
2018-05-08,11.477206611037115
2018-05-09,11.47456528125175
2018-05-10,11.481505433068488
2018-05-11,11.504807194996816
2018-05-14,11.497831941345748
2018-05-15,11.507702998206943
2018-05-16,11.48870367705694
2018-05-17,11.493888550226846
2018-05-18,11.48588719989556
2018-05-21,11.471880350852434
2018-05-22,11.498143287593035
2018-05-23,11.496482071575025
2018-05-24,11.482119980205997
2018-05-25,11.47976119961269
2018-05-29,11.485493867070018
2018-05-30,11.482006834182545
2018-05-31,11.491104702099205
2018-06-01,11.490826011842904
2018-06-04,11.506448313498687
2018-06-05,11.505403774522623
2018-06-06,11.498792084674827
2018-06-07,11.523095645095866
2018-06-08,11.521504448584494
2018-06-11,11.518194506919967
2018-06-12,11.528369693192637
2018-06-13,11.526895772882709
2018-06-14,11.51788501197929
2018-06-15,11.51291057521075
2018-06-18,11.495471647727665
2018-06-19,11.494490988213688
2018-06-20,11.47383099665424
2018-06-21,11.469351903779046
2018-06-22,11.454896498988072
2018-06-25,11.456119173270405
2018-06-26,11.446492622383666
2018-06-27,11.465564326825831
2018-06-28,11.45641829998116
2018-06-29,11.440216526009312
2018-07-02,11.460810716108371
2018-07-03,11.44467679946008
2018-07-05,11.447591658404097
2018-07-06,11.453973078273085
2018-07-09,11.457740569605097
2018-07-10,11.465012818830205
2018-07-11,11.446817496479794
2018-07-12,11.44217809801567
2018-07-13,11.455263909827009
2018-07-16,11.443444931238064
2018-07-17,11.422413581371023
2018-07-18,11.41551602915212
2018-07-19,11.41035309517773
2018-07-20,11.371337300588452
2018-07-23,11.392791540539276
2018-07-24,11.414242436377803
2018-07-25,11.4165418048606
2018-07-26,11.441988025504454
2018-07-27,11.434906597723234
2018-07-30,11.42844576336632
2018-07-31,11.431260195250424
2018-08-01,11.439148774172125
2018-08-02,11.421949964449649
2018-08-03,11.418113981787593
2018-08-06,11.412788270580142
2018-08-07,11.407480935450344
2018-08-08,11.409009698417698
2018-08-09,11.401535575040961
2018-08-10,11.405795285402483
2018-08-13,11.40755311352961
2018-08-14,11.38811747089568
2018-08-15,11.39412643555468
2018-08-16,11.330380300278373
2018-08-17,11.368565191827427
2018-08-20,11.394175086680788
2018-08-21,11.406433429620272
2018-08-22,11.410258407243175
2018-08-23,11.416681168649546
2018-08-24,11.405199975223008
2018-08-27,11.427536667602316
2018-08-28,11.449264850626639
2018-08-29,11.437669834571587
2018-08-30,11.463681880333846
2018-08-31,11.465056639434518
2018-09-04,11.476886145723462
2018-09-05,11.47837117345534
2018-09-06,11.47287568671157
2018-09-07,11.472492397840888
2018-09-10,11.476297153458393
2018-09-11,11.474950504942138
2018-09-12,11.473679672223799
2018-09-13,11.47532215590407
2018-09-14,11.48166220633461
2018-09-17,11.479499125951104
2018-09-18,11.488413474341312
2018-09-19,11.514434426182923
2018-09-20,11.538711943483003
2018-09-21,11.55364356644681
2018-09-24,11.552535842606854
2018-09-25,11.560543138853317
2018-09-26,11.561789508955894
2018-09-27,11.567462415219664
2018-09-28,11.582054803997226
2018-10-01,11.573192948129366
2018-10-02,11.558861163395058
2018-10-03,11.554296369756337
2018-10-04,11.560431193804815
2018-10-05,11.557198826666651
2018-10-08,11.57184920576986
2018-10-09,11.577218439208755
2018-10-10,11.573131287065314
2018-10-11,11.569623900358275
2018-10-12,11.578771290488227
2018-10-15,11.570382515564296
2018-10-16,11.586067230912226
2018-10-17,11.581439966870512
2018-10-18,11.574084554227879
2018-10-19,11.572142902332999
2018-10-22,11.579728059226623
2018-10-23,11.614136878395076
2018-10-24,11.629348024046653
2018-10-25,11.617089350503507
2018-10-26,11.593385149127336
2018-10-29,11.597652769885025
2018-10-30,11.584177585029465
2018-10-31,11.572876306748132
2018-11-01,11.574369503276381
2018-11-02,11.586686723347201
2018-11-05,11.608923150246566
2018-11-06,11.624594029122127
2018-11-07,11.6078220937566
2018-11-08,11.622138098336034
2018-11-09,11.61585605438489
2018-11-12,11.606715813555292
2018-11-13,11.591161744435261
2018-11-14,11.600697650349565
2018-11-15,11.614112303051265
2018-11-16,11.642208467063483
2018-11-19,11.658176622703884
2018-11-20,11.647022215558692
2018-11-21,11.628134936446612
2018-11-23,11.62967885127572
2018-11-26,11.60312219037606
2018-11-27,11.626610726310048
2018-11-28,11.62969979058509
2018-11-29,11.657897523324639
2018-11-30,11.656972390655008
2018-12-03,11.649058875966746
2018-12-04,11.660015694320336
2018-12-05,11.677449581384378
2018-12-06,11.67897329448098
2018-12-07,11.658269096020781
2018-12-10,11.668132156694751
2018-12-11,11.664526108138643
2018-12-12,11.670574251678772
2018-12-13,11.686289904812641
2018-12-14,11.687382881040032
2018-12-17,11.669064834836334
2018-12-18,11.680307540869643
2018-12-19,11.670844091117088
2018-12-20,11.683287874440252
2018-12-21,11.684480793113723
2018-12-24,11.66059376496715
2018-12-26,11.670176264714806
2018-12-27,11.682471522785852
2018-12-28,11.691714492655116
2018-12-31,11.682343788285335
2019-01-02,11.691063137828792
2019-01-03,11.691656047191383
2019-01-04,11.696201545736065
2019-01-07,11.722423134661723
2019-01-08,11.726361956874735
2019-01-09,11.747548906244162
2019-01-10,11.752221631143817
2019-01-11,11.755494144718671
2019-01-14,11.758618926784177
2019-01-15,11.762574546089573
2019-01-16,11.760025821531872
2019-01-17,11.78765200248452
2019-01-18,11.817020785257528
2019-01-22,11.803802094728239
2019-01-23,11.779869847328692
2019-01-24,11.782140995601386
2019-01-25,11.760433270392344
2019-01-28,11.788725828377858
2019-01-29,11.770459551760316
2019-01-30,11.777916149965236
2019-01-31,11.788662980660561
2019-02-01,11.780065685188902
2019-02-04,11.787396212833881
2019-02-05,11.796458947780064
2019-02-06,11.810347547329002
2019-02-07,11.807752738980701
2019-02-08,11.8197947544197
2019-02-11,11.832741979983178
2019-02-12,11.822453258059502
2019-02-13,11.832987200538433
2019-02-14,11.829200757104228
2019-02-15,11.842370296956572
2019-02-19,11.839547937679216
2019-02-20,11.869864620502085
2019-02-21,11.863551965765668
2019-02-22,11.844141281492275
2019-02-25,11.872853521995816
2019-02-26,11.896092888888784
2019-02-27,11.909650049600328
2019-02-28,11.881859732076743
2019-03-01,11.896183066358958
2019-03-04,11.891854384974359
2019-03-05,11.891302368818415
2019-03-06,11.879894902478402
2019-03-07,11.895800738334971
2019-03-08,11.877884326573614
2019-03-11,11.89949029493167
2019-03-12,11.911725070517615
2019-03-13,11.890117746248587
2019-03-14,11.90264234301539
2019-03-15,11.90776698471225
2019-03-18,11.909448235238623
2019-03-19,11.925062293716083
2019-03-20,11.9270088188338
2019-03-21,11.93493985127325
2019-03-22,11.938247058988653
2019-03-25,11.900208613518187
2019-03-26,11.928820773992054
2019-03-27,11.90074978495053
2019-03-28,11.860270649070454
2019-03-29,11.787751131378124
2019-04-01,11.810164067626268
2019-04-02,11.840936903356752
2019-04-03,11.847636964151185
2019-04-04,11.830336908129084
2019-04-05,11.802252800912921
2019-04-08,11.80880218879042
2019-04-09,11.816229883040418
2019-04-10,11.821451070228992
2019-04-11,11.8202019453122
2019-04-12,11.805169728914757
2019-04-15,11.81007895745126
2019-04-16,11.800441165395704
2019-04-17,11.79799865979497
2019-04-18,11.831597659326109
2019-04-22,11.853221116837403
2019-04-23,11.82842345680301
2019-04-24,11.832373126168946
2019-04-25,11.84987326003051
2019-04-26,11.85316964801268
2019-04-29,11.886558986369298
2019-04-30,11.821456298585026
2019-05-01,11.834624109862867
2019-05-02,11.805524060477763
2019-05-03,11.811158415291404
2019-05-06,11.818520019947673
2019-05-07,11.800918911611232
2019-05-08,11.788568344353793
2019-05-09,11.77962955342517
2019-05-10,11.766304993809767
2019-05-13,11.809690848300487
2019-05-14,11.785597001269736
2019-05-15,11.796151834156152
2019-05-16,11.800533459112504
2019-05-17,11.794039902051733
2019-05-20,11.77921289106188
2019-05-21,11.794010029411245
2019-05-22,11.783966998965894
2019-05-23,11.780132856926283
2019-05-24,11.775311145600897
2019-05-28,11.793976496641937
2019-05-29,11.800381326889092
2019-05-30,11.804000012960342
2019-05-31,11.821253663936455
2019-06-03,11.791650543165463
2019-06-04,11.791048600071647
2019-06-05,11.80434049904652
2019-06-06,11.793197785168607
2019-06-07,11.807269040703297
2019-06-10,11.81560731206833
2019-06-11,11.829620695358392
2019-06-12,11.839856444861793
2019-06-13,11.850346965076364
2019-06-14,11.875847810579412
2019-06-17,11.890721051177929
2019-06-18,11.883865207037815
2019-06-19,11.898390825129011
2019-06-20,11.913956810826823
2019-06-21,11.902040651531662
2019-06-24,11.911538760665769
2019-06-25,11.936441754934068
2019-06-26,11.93093165863134
2019-06-27,11.92839705718775
2019-06-28,11.94442330515502
2019-07-01,11.938065981025261
2019-07-02,11.94324127886296
2019-07-03,11.952101946173386
2019-07-05,11.959909820671182
2019-07-08,11.959401659105481
2019-07-09,11.953944673637826
2019-07-10,11.945355323163657
2019-07-11,11.971468319541653
2019-07-12,11.956472192746716
2019-07-15,11.946595929294004
2019-07-16,11.956845095711762
2019-07-17,11.933680135200287
2019-07-18,11.939131948920407
2019-07-19,11.936672182862242
2019-07-22,11.92225856267249
2019-07-23,11.93322229593543
2019-07-24,11.932894139741016
2019-07-25,11.942564428981651
2019-07-26,11.938218109276148
2019-07-29,11.937243287533901
2019-07-30,11.952718420647873
2019-07-31,11.927813767861265
2019-08-01,11.928643919563504
2019-08-02,11.8742361691001
2019-08-05,11.851635868593878
2019-08-06,11.85995687275814
2019-08-07,11.872978288321997
2019-08-08,11.85688276209242
2019-08-09,11.859579880143984
2019-08-12,11.860839656997491
2019-08-13,11.865476871411476
2019-08-14,11.881928965776572
2019-08-15,11.863754310972583
2019-08-16,11.87478419442026
2019-08-19,11.87864511042597
2019-08-20,11.897774595034761
2019-08-21,11.906278247938785
2019-08-22,11.895422249501312
2019-08-23,11.905367657545103
2019-08-26,11.888539491158289
2019-08-27,11.899029768696186
2019-08-28,11.901580531688436
2019-08-29,11.895786454576827
2019-08-30,11.89607056434302
2019-09-03,11.933007162180186
2019-09-04,11.940406534341333
2019-09-05,11.951512195599074
2019-09-06,11.954679633637882
2019-09-09,11.942070817139856
2019-09-10,11.942321325105736
2019-09-11,11.951442742313027
2019-09-12,11.960782782003385
2019-09-13,11.986647829583616
2019-09-16,11.98350500629464
2019-09-17,11.979460257178658
2019-09-18,11.975487924460701
2019-09-19,11.97146287447297
2019-09-20,11.986535428825698
2019-09-23,11.995151307905891
2019-09-24,11.998211257488796
2019-09-25,12.00944688519931
2019-09-26,11.99083000743912
2019-09-27,12.007370859070885
2019-09-30,12.015777789463153
2019-10-01,12.012181552154853
2019-10-02,12.000160358888802
2019-10-03,12.019213654340103
2019-10-04,12.003054047587437
2019-10-07,12.008131272994353
2019-10-08,12.005666747658555
2019-10-09,12.011236209750127
2019-10-10,12.01670143094685
2019-10-11,12.026856303938438
2019-10-14,12.02616628375627
2019-10-15,12.030983067226098
2019-10-16,12.043908379644428
2019-10-17,12.04230980699477
2019-10-18,12.035063307674953
2019-10-21,12.03575378214508
2019-10-22,12.043610241743183
2019-10-23,12.037490717175492
2019-10-24,12.053102169638716
2019-10-25,12.057260819033328
2019-10-28,12.04361663413397
2019-10-29,12.071316414876335
2019-10-30,12.046963936818742
2019-10-31,12.069535180588161
2019-11-01,12.060363425357705
2019-11-04,12.070710187880026
2019-11-05,12.044653994951863
2019-11-06,12.053381284439686
2019-11-07,12.063549908308673
2019-11-08,12.062644895488237
2019-11-11,12.05318136710025
2019-11-12,12.018353106243376
2019-11-13,12.023221185885577
2019-11-14,12.028038997758893
2019-11-15,12.042943161668504
2019-11-18,12.027196385476765
2019-11-19,12.043585275196447
2019-11-20,12.060247025566087
2019-11-21,12.063774140630034
2019-11-22,12.061696019964863
2019-11-25,12.05427752317739
2019-11-26,12.069139580420572
2019-11-27,12.07512259506966
2019-11-29,12.084278827428024
2019-12-02,12.090000338257054
2019-12-03,12.095187046178651
2019-12-04,12.095201646502483
2019-12-05,12.104072290428586
2019-12-06,12.108168477989853
2019-12-09,12.111243743515884
2019-12-10,12.106946380884755
2019-12-11,12.120562309851808
2019-12-12,12.128209480105646
2019-12-13,12.14435559303888
2019-12-16,12.131949877715845
2019-12-17,12.165362817562823
2019-12-18,12.136606558215087
2019-12-19,12.127410738761697
2019-12-20,12.140496433649783
2019-12-23,12.076896532411391
2019-12-24,12.112289952878593
2019-12-26,12.107784188996039
2019-12-27,12.120093130245548
2019-12-30,12.125112536015111
2019-12-31,12.125496388176517
2020-01-02,12.143526425062296
2020-01-03,12.150228665845498
2020-01-06,12.161272370414801
2020-01-07,12.185908918628357
2020-01-08,12.195974142728712
2020-01-09,12.218743470918593
2020-01-10,12.22245540353676
2020-01-13,12.217459636421188
2020-01-14,12.22267993302523
2020-01-15,12.242895024390448
2020-01-16,12.269535543791832
2020-01-17,12.284430877095684
2020-01-21,12.306806478070056
2020-01-22,12.290986335083828
2020-01-23,12.360954459541551
2020-01-24,12.343657485507388
2020-01-27,12.329435998806886
2020-01-28,12.245670288966558
2020-01-29,12.28024614242068
2020-01-30,12.282755380114699
2020-01-31,12.30408571068036
2020-02-03,12.278629700475808
2020-02-04,12.299876579212746
2020-02-05,12.347802681547982
2020-02-06,12.34055426687089
2020-02-07,12.280913171683512
2020-02-10,12.283274218660981
2020-02-11,12.308873186958337
2020-02-12,12.303482191823036
2020-02-13,12.34044451630491
2020-02-14,12.338841423453177
2020-02-18,12.342678859987494
2020-02-19,12.43695001533274
2020-02-20,12.453317033559417
2020-02-21,12.434991745730452
2020-02-24,12.451275651393079
2020-02-25,12.400103441209572
2020-02-26,12.449108348954983
2020-02-27,12.483591593864425
2020-02-28,12.515116984724227
2020-03-02,12.369769417713714
2020-03-03,12.37088852586842
2020-03-04,12.355191375967657
2020-03-05,12.395397428454334
2020-03-06,12.384196607190503
2020-03-09,12.395216188444053
2020-03-10,12.361736072942595
2020-03-11,12.329066265585727
2020-03-12,12.308033468246252
2020-03-13,12.058797348826646
2020-03-16,12.026717960014807
2020-03-17,11.869896490815371
2020-03-18,11.914943867113122
2020-03-19,11.893765420485678
2020-03-20,11.947673747995431
2020-03-23,11.92903275733238
2020-03-24,11.984999969421805
2020-03-25,12.121477925982854
2020-03-26,12.330318562669392
2020-03-27,12.313928862857875
2020-03-30,12.277174340220759
2020-03-31,12.295866916587668
2020-04-01,12.331673413833487
2020-04-02,12.263036184322607
2020-04-03,12.27087155080228
2020-04-06,12.25215155375271
2020-04-07,12.246671951273113
2020-04-08,12.253393250716362
2020-04-09,12.24552112634105
2020-04-13,12.259624550329482
2020-04-14,12.267131765306864
2020-04-15,12.302521728812275
2020-04-16,12.273850759044327
2020-04-17,12.26147792929896
2020-04-20,12.264173832558138
2020-04-21,12.26109922613629
2020-04-22,12.12377232213766
2020-04-23,12.148891755253763
2020-04-24,12.185425672593261
2020-04-27,12.200170788733217
2020-04-28,12.147318229593255
2020-04-29,12.148163965378407
2020-04-30,12.169484160657358
2020-05-01,12.183282493025258
2020-05-04,12.145747595228169
2020-05-05,12.109371704982994
2020-05-06,12.084610437851627
2020-05-07,12.078296495939362
2020-05-08,12.125273622122116
2020-05-11,12.10916640916928
2020-05-12,12.134716063121614
2020-05-13,12.112288115368234
2020-05-14,12.097590670316569
2020-05-15,12.108627615383359
2020-05-18,12.137911820780246
2020-05-19,12.228923123854026
2020-05-20,12.239165353982871
2020-05-21,12.287032104699495
2020-05-22,12.229500975695704
2020-05-26,12.19241874299215
2020-05-27,12.19184758325631
2020-05-28,12.199973003906733
2020-05-29,12.180559145680284
2020-06-01,12.181957705169863
2020-06-02,12.197324297656476
2020-06-03,12.19228447082569
2020-06-04,12.18394064892956
2020-06-05,12.174866106039246
2020-06-08,12.189240712684683
2020-06-09,12.227611237541003
2020-06-10,12.182429745733703
2020-06-11,12.167539562741938
2020-06-12,12.157306471376428
2020-06-15,12.175376360961925
2020-06-16,12.169734627695718
2020-06-17,12.17428373351399
2020-06-18,12.167559186352081
2020-06-19,12.155801214104102
2020-06-22,12.157843078439932
2020-06-23,12.177779898403072
2020-06-24,12.173409015690085
2020-06-25,12.138057316615631
2020-06-26,12.12202152510925
2020-06-29,12.14728952049664
2020-06-30,12.165996771713417
2020-07-01,12.181619361009465
2020-07-02,12.166696344267216
2020-07-03,12.16399213938367
2020-07-06,12.171631199446894
2020-07-07,12.179981124591672
2020-07-08,12.17411397448736
2020-07-09,12.174097304345729
2020-07-10,12.189013406556539
2020-07-13,12.204993431897995
2020-07-14,12.20791243829467
2020-07-15,12.195033580273261
2020-07-16,12.210903736201345
2020-07-17,12.213037277334292
2020-07-20,12.232014348069951
2020-07-21,12.252385497235835
2020-07-22,12.302216152096182
2020-07-23,12.310055987483613
2020-07-24,12.315179208724492
2020-07-27,12.348783559954263
2020-07-28,12.382998462064547
2020-07-29,12.369064084196221
2020-07-30,12.30762710176125
2020-07-31,12.264932966696534
2020-08-03,12.268619150685435
2020-08-04,12.270629061670695
2020-08-05,12.294052179230693
2020-08-06,12.31554308979563
2020-08-07,12.33699600352829
2020-08-10,12.29121730511078
2020-08-11,12.332994489540281
2020-08-12,12.253512480808283
2020-08-13,12.294381458559087
2020-08-14,12.30658855728323
2020-08-17,12.26707753707113
2020-08-18,12.321272980514498
2020-08-19,12.306943070195311
2020-08-20,12.278277588655529
2020-08-21,12.295620859622147
2020-08-24,12.289146967446941
2020-08-25,12.283896217544681
2020-08-26,12.29815759803643
2020-08-27,12.308624601822732
2020-08-28,12.295221668928368
2020-08-31,12.311113087382331
2020-09-01,12.33354620745049
2020-09-02,12.351453007027628
2020-09-03,12.325275068474461
2020-09-04,12.365545880183191
2020-09-08,12.351084516440022
2020-09-09,12.34459791140607
2020-09-10,12.351695495311109
2020-09-11,12.351357887332819
2020-09-14,12.360357870419199
2020-09-15,12.352335025436933
2020-09-16,12.400134273630988
2020-09-17,12.392104337404602
2020-09-18,12.357981818870986
2020-09-21,12.381439851663465
2020-09-22,12.326511641906778
2020-09-23,12.310958545268894
2020-09-24,12.31498698620878
2020-09-25,12.318788778692893
2020-09-28,12.311573613480268
2020-09-29,12.336783458378395
2020-09-30,12.35654145482556
2020-10-01,12.347603875154611
2020-10-02,12.359034205595854
2020-10-05,12.346061991725762
2020-10-06,12.378486974151384
2020-10-07,12.370252547680181
2020-10-08,12.376393532522853
2020-10-09,12.380701597296364
2020-10-12,12.41390109231942
2020-10-13,12.393623678146296
2020-10-14,12.349947133958358
2020-10-15,12.373347646295104
2020-10-16,12.369760191024458
2020-10-19,12.35908749612566
2020-10-20,12.367574041813846
2020-10-21,12.397200415996634
2020-10-22,12.396235497858067
2020-10-23,12.380196062874539
2020-10-26,12.391824268153467
2020-10-27,12.372813397582183
2020-10-28,12.361933228603238
2020-10-29,12.31457993919757
2020-10-30,12.29724607727447
2020-11-02,12.308069334743848
2020-11-03,12.307861328312596
2020-11-04,12.34746722517983
2020-11-05,12.340433021794178
2020-11-06,12.386288544227206
2020-11-09,12.430015460736218
2020-11-10,12.425397029352448
2020-11-11,12.411703816991228
2020-11-12,12.345296310947445
2020-11-13,12.363354019733865
2020-11-16,12.352680158889674
2020-11-17,12.363900849758746
2020-11-18,12.351729166643166
2020-11-19,12.361174253620153
2020-11-20,12.354579078064072
2020-11-23,12.354661089285072
2020-11-24,12.37451432390712
2020-11-25,12.371251850856865
2020-11-27,12.368516219744253
2020-11-30,12.406860025383269
2020-12-01,12.376464357006716
2020-12-02,12.398677795881255
2020-12-03,12.392721719986195
2020-12-04,12.34789384295614
2020-12-07,12.367619232436901
2020-12-08,12.361344827891745
2020-12-09,12.352496224328393
2020-12-10,12.329491740375403
2020-12-11,12.366933682473896
2020-12-14,12.34916720161023
2020-12-15,12.344129257694977
2020-12-16,12.35439216601499
2020-12-17,12.359264826139432
2020-12-18,12.366025019596194
2020-12-21,12.371816606467616
2020-12-22,12.34914885737359
2020-12-23,12.349814237131755
2020-12-24,12.35698689097124
2020-12-28,12.363468298653203
2020-12-29,12.363293445784285
2020-12-30,12.36100867468614
2020-12-31,12.372423085545027
2021-01-04,12.413610709732003
2021-01-05,12.376612926331793
2021-01-06,12.425875685526062
2021-01-07,12.402729545921614
2021-01-08,12.398255155159587
2021-01-11,12.373680762066126
2021-01-12,12.377818582885237
2021-01-13,12.38872326361504
2021-01-14,12.38418558232593
2021-01-15,12.39477395950233
2021-01-19,12.38084196277696
2021-01-20,12.36730309148322
2021-01-21,12.389863171751333
2021-01-22,12.370300337070788
2021-01-25,12.371848096467385
2021-01-26,12.362835136109664
2021-01-27,12.356480169064662
2021-01-28,12.345769705388868
2021-01-29,12.358637330133746
2021-02-01,12.306443460447754
2021-02-02,12.321056781142902
2021-02-03,12.310705027906323
2021-02-04,12.3350113928238
2021-02-05,12.334473845433637
2021-02-08,12.366250137882506
2021-02-09,12.355967538814987
2021-02-10,12.353524067338684
2021-02-11,12.373100472858763
2021-02-12,12.36151378415192
2021-02-16,12.383504733383743
2021-02-17,12.380866856225008
2021-02-18,12.37513830363191
2021-02-19,12.363315798919865
